n_nodos R alpha CityArea
100 250 0 2323
ID_Nodo Costo_C Demanda_D Potencia_f Rango_s Es_Remoto_T
0 2066517 1012 1254 56 0
1 1833409 491 1113 65 0
2 240585 702 870 59 0
3 1567501 554 1242 62 0
4 1964152 567 919 64 0
5 2103265 417 1668 61 0
6 1957999 557 804 40 0
7 822378 500 1716 46 0
8 521426 605 836 41 0
9 870545 709 1703 68 0
10 426864 575 1011 44 0
11 423785 470 1630 40 0
12 2387124 1629 1569 75 0
13 2336752 939 1168 73 0
14 2012412 1080 1991 75 0
15 3746242 581 1628 76 0
16 2138085 1019 1636 39 0
17 250728 612 1251 39 0
18 544595 598 1226 27 0
19 419356 195 1134 28 0
20 160353 307 890 77 0
21 126954 586 1599 79 0
22 129169 672 1262 71 0
23 100530 54 835 71 0
24 180874 614 1547 76 0
25 2693567 479 1427 50 0
26 126357 307 1387 53 0
27 140227 297 1096 50 0
28 124006 362 1465 52 0
29 111490 53 994 54 0
30 100050 17 568 51 1
31 100038 11 1017 33 1
32 153360 55 635 37 0
33 132120 18 1497 34 1
34 199043 100 624 67 0
35 100059 6 872 36 1
36 100054 39 1498 33 0
37 111058 24 895 78 1
38 148917 33 573 76 1
39 133123 31 1213 51 1
40 100019 13 1288 52 1
41 1865506 1012 1556 35 0
42 1833409 491 1740 37 0
43 2216294 702 1373 25 0
44 1865506 554 851 29 0
45 1322141 567 936 40 0
46 2149012 417 1034 26 0
47 1954111 557 1077 20 0
48 868923 500 1115 21 0
49 597048 605 1248 35 0
50 888395 709 1382 38 0
51 487350 575 1278 26 0
52 413533 470 1691 20 0
53 2169843 1629 1371 52 0
54 2139863 939 1290 53 0
55 2210263 1080 1791 59 0
56 2718368 581 1152 20 0
57 1996598 1019 1129 26 0
58 584285 612 1078 38 0
59 615208 598 1462 34 0
60 387524 195 1213 21 0
61 169879 307 814 69 0
62 161891 586 1407 63 0
63 110142 672 901 61 0
64 110632 54 632 65 0
65 131947 614 1406 72 0
66 1849822 479 1555 48 0
67 171476 307 1433 45 0
68 133544 297 751 49 0
69 167988 362 1493 41 0
70 113247 53 1107 48 0
71 115817 17 1239 45 1
72 165291 11 583 28 1
73 116921 55 975 23 0
74 151895 18 1382 27 1
75 252218 100 810 60 0
76 136295 6 832 32 1
77 102048 39 650 31 0
78 116618 24 1510 67 1
79 192077 33 976 70 1
80 124871 31 1210 45 1
81 100105 13 1275 56 1
82 1711406 1012 1740 47 0
83 1604803 491 1367 51 0
84 1826316 702 1630 47 0
85 1886286 554 887 43 0
86 1455045 567 899 48 0
87 685853 500 760 34 0
88 656485 605 961 26 0
89 854727 709 1612 36 0
90 551296 575 1520 25 0
91 488340 470 752 50 0
92 2047896 1629 1669 22 0
93 1932631 939 1443 33 0
94 1639084 1080 1548 31 0
95 1928117 581 1648 43 0
96 1539094 1019 1957 23 0
97 373406 612 1634 24 0
98 172115 614 1339 26 0
99 1529419 479 1099 44 0
Matriz_Distancias
-1.000000 1.623189 3.505912 3.355144 4.296680 5.002702 6.859275 6.318567 5.075905 3.056403 5.692936 7.876317 10.496381 7.244233 9.563101 6.535397 14.117383 8.132140 15.521778 23.091171 21.744967 16.872349 7.365014 25.181647 14.813864 9.481633 12.353378 12.504562 16.992572 7.295025 8.979711 18.589900 22.131150 24.622880 18.289689 17.107678 25.228905 36.690212 18.944626 13.886634 19.422281 1.403029 1.522528 2.024945 3.042721 3.958177 5.653532 7.432453 6.261748 4.987875 3.176081 6.812651 13.042491 10.362035 6.845908 8.733785 7.364406 11.321676 11.542540 18.268529 24.735275 26.888388 13.400347 10.260541 27.540474 12.101290 8.485265 13.956159 13.758163 26.378273 5.975704 13.248312 28.091738 17.643146 24.055161 18.074914 20.689261 28.616542 34.322424 23.543037 18.425408 27.948708 1.072545 2.805002 2.218900 3.381140 5.363672 8.224936 3.116461 4.959481 7.179613 10.022705 13.069611 8.601969 10.545011 6.549694 12.615798 12.386368 16.861963 9.348101
1.623189 -1.000000 3.251061 4.978316 5.072758 6.272535 7.335940 4.958875 3.718376 3.328163 7.313158 9.499504 10.932856 8.411964 9.589517 6.483585 14.834313 7.217674 15.780925 23.443587 21.829192 18.482449 6.719186 24.581639 14.872311 10.875475 13.637979 13.570354 18.164497 5.695158 7.537256 17.017486 23.664102 25.948956 19.785394 15.988475 24.036591 35.647408 19.876474 14.586549 18.192380 2.966314 1.039279 2.784715 4.440187 4.374798 7.116618 7.736180 5.599211 4.229454 4.644406 8.418323 14.504171 11.061631 8.177823 8.379845 7.226428 12.291896 10.868413 18.546721 24.970945 26.893043 14.989238 9.775585 26.948956 12.197737 9.865075 15.376946 14.541913 27.651465 4.357885 11.726799 26.498529 19.126424 25.534143 19.492046 19.740943 27.621000 33.412683 24.646276 19.070497 26.918719 2.352609 1.523799 1.712017 4.457470 5.688793 6.742959 2.495314 5.337187 8.298875 11.475587 13.373620 9.624397 10.136803 6.237117 13.259468 11.381026 16.933110 10.602590
3.505912 3.251061 -1.000000 5.694936 2.887258 4.946435 4.369875 4.197284 6.430725 6.372305 7.577530 9.775715 7.833387 6.532660 6.338970 3.232669 11.940608 4.877900 12.561644 20.244466 18.578143 18.092983 9.920081 27.734880 11.621284 9.475891 11.788315 11.219608 15.944362 7.293736 9.770540 18.384667 24.630847 27.681363 18.543127 18.700414 26.575552 38.385131 22.400540 17.392545 16.421252 3.767283 4.187574 2.067924 3.997670 1.750677 6.305281 4.602062 2.843392 7.429289 6.344831 9.161448 15.882086 8.212405 6.773040 5.247156 3.986020 9.801281 8.061964 15.328347 21.735463 23.647280 14.429321 13.003276 30.103457 8.950126 8.477412 13.909453 11.730427 25.579348 5.414175 13.503067 27.589145 20.366862 26.749740 17.931966 22.641762 30.439045 36.315732 26.884290 21.930458 24.642049 4.571123 2.327077 1.540587 3.150967 2.676021 6.305720 5.746130 8.363830 10.587344 12.936469 10.178509 7.338007 7.049611 3.065276 10.308116 9.136925 13.682103 8.793367
3.355144 4.978316 5.694936 -1.000000 4.470199 3.464885 7.036620 9.391892 8.199581 4.751031 2.353932 4.521336 10.351722 5.584818 10.332108 7.782455 13.138285 10.564665 15.501058 22.697064 21.935030 13.551133 9.486206 26.709569 15.231938 6.910850 9.999924 10.735780 14.826753 10.626295 12.113013 21.867367 19.017551 22.020895 15.271750 19.656749 27.843145 38.985043 17.361552 12.993459 22.115408 2.128950 4.649236 3.629758 2.068058 5.004613 3.153336 7.883133 8.482590 7.495440 1.765348 3.550627 10.188629 9.629840 4.695586 10.256236 8.650309 9.857693 13.445428 18.127151 24.564251 27.169160 10.145276 11.934106 29.030209 12.563696 6.015517 11.183400 12.636468 23.868404 9.324797 16.459902 31.397718 14.680990 21.074655 15.265066 22.904415 30.857169 36.375166 21.488379 17.517035 30.229942 2.970787 5.999032 5.067661 3.254001 6.151724 11.405636 5.806309 5.783256 5.713973 7.264701 13.054323 7.205146 12.040619 8.223720 11.873971 14.804227 17.187984 7.219513
4.296680 5.072758 2.887258 4.470199 -1.000000 2.245963 2.692320 7.035323 8.732176 7.298211 5.611274 7.623614 6.270860 3.652622 5.870594 3.430100 9.834822 6.939654 11.380404 18.857012 17.725027 15.402214 11.620670 29.469362 10.893243 6.600987 8.930153 8.552737 13.221354 10.055137 12.366240 21.246191 22.578137 26.195079 15.662001 21.049147 29.057821 40.717456 21.829917 17.321059 18.420919 3.509032 5.643984 2.334908 2.403781 1.174934 3.751465 3.454141 4.841290 9.182460 5.829101 7.393582 14.279910 6.070422 3.929986 5.917097 4.270622 7.229620 9.214447 14.095007 20.569875 22.928233 11.712035 14.554674 31.830071 8.190498 5.611461 11.022254 9.502008 22.810427 8.236361 16.276256 30.475520 18.561521 24.852696 15.049069 24.807714 32.693615 38.474512 25.912049 21.869913 26.074252 5.058429 4.852132 3.697851 1.235519 1.726817 9.129571 7.326058 9.056883 10.112360 11.510304 8.913946 4.608545 7.651106 4.093862 8.319479 10.944714 12.896898 5.916950
5.002702 6.272535 4.946435 3.464885 2.245963 -1.000000 4.008944 9.143713 9.978380 7.584068 3.721192 5.520585 6.984736 2.286430 7.408889 5.496333 9.696856 9.181376 12.106623 19.234192 18.559682 13.182650 12.242623 29.862665 11.980502 4.660813 7.371853 7.576851 11.992792 11.735748 13.802879 23.049114 20.427960 24.285149 13.702803 22.110282 30.227526 41.675825 20.492110 16.390623 20.626148 3.728094 6.519691 3.600532 2.007248 3.374507 1.531404 4.940852 7.087098 9.956050 5.179729 5.547135 12.379832 6.166465 1.924665 7.924571 6.273727 6.528689 11.266545 14.696310 21.116833 23.801083 9.502043 14.963885 32.203429 9.381416 3.643816 9.166597 9.219614 21.395280 10.037931 17.911057 32.390108 16.525025 22.757064 13.264261 25.648633 33.588596 39.247935 24.290697 20.885230 28.106827 5.361248 6.516933 5.328284 1.909806 3.801196 11.251825 8.096650 9.011468 9.096514 9.761723 9.683223 3.814271 9.562296 6.275190 8.409375 13.136735 13.880642 4.349337
6.859275 7.335940 4.369875 7.036620 2.692320 4.008944 -1.000000 7.744576 10.778600 9.905973 7.729504 9.446598 3.638495 3.789189 3.400179 2.309683 7.572533 6.422867 8.699516 16.231915 15.032743 16.093117 14.035770 31.908186 8.218551 6.832060 8.286239 7.168724 11.906986 11.545601 14.115095 22.318064 24.192562 28.271795 15.471664 23.069543 30.933253 42.754865 24.366165 19.980066 17.242826 6.194256 8.071996 4.835702 5.012799 2.969227 5.427352 0.942241 4.710714 11.556160 8.495876 9.555565 16.378394 3.848560 4.769995 4.251825 2.747337 5.660035 7.559204 11.427711 17.901477 20.237961 12.419852 17.043117 34.274279 5.531194 6.031201 10.758848 7.365343 21.568628 9.609449 17.690275 31.254050 20.449795 26.606653 14.516251 26.985312 34.802020 40.662667 28.281079 24.522273 24.266346 7.702492 6.687654 5.716402 3.904090 1.694847 9.656251 9.747431 11.718144 12.736592 13.766229 6.235322 3.669111 5.694685 3.355553 5.951912 9.787488 10.210435 5.641690
6.318567 4.958875 4.197284 9.391892 7.035323 9.143713 7.744576 -1.000000 5.516925 8.046819 11.525143 13.756501 10.501644 10.620548 8.121847 5.657121 14.898985 3.282167 14.334440 21.947824 19.590005 22.272930 9.658409 26.534632 12.885126 13.634631 15.781958 14.907911 19.650050 4.463748 7.301098 14.577600 28.389615 30.898912 22.684957 16.439958 23.853004 35.899763 24.697883 19.232860 13.254097 7.271337 5.899414 5.942018 8.033115 5.862589 10.483092 7.532542 3.265477 7.511981 9.493293 12.942487 19.359495 11.431171 10.955485 5.990970 5.854665 13.404610 7.119269 17.004956 23.084934 24.309359 18.618821 12.695239 28.880611 10.564680 12.646702 18.018400 14.847716 29.312613 2.667247 10.165662 23.565374 23.951342 30.363185 21.986377 20.692239 28.182479 34.201769 29.566346 23.615280 22.140024 7.259003 3.519519 4.324772 7.324397 6.270411 2.109537 6.625100 9.946665 13.249113 16.341196 12.253633 11.202955 7.247830 4.719944 13.215113 6.793159 14.855478 12.853533
5.075905 3.718376 6.430725 8.199581 8.732176 9.978380 10.778600 5.516925 -1.000000 4.265629 10.536330 12.587510 14.257594 12.130269 12.511478 9.482204 18.347320 8.698690 18.840125 26.544093 24.586503 21.706907 4.142070 21.459917 17.689219 14.542681 17.349117 17.268546 21.880166 3.010301 3.919857 13.722437 25.821822 27.224434 23.355934 12.328299 20.331458 32.011378 20.054450 14.341060 18.051682 6.474877 3.590243 6.493347 8.090752 7.903296 10.728853 11.025460 7.833697 2.240188 7.252368 11.281328 16.480553 14.593456 11.870565 10.834978 10.068486 15.961334 12.573765 21.596056 27.913472 29.487547 18.344721 7.192528 23.825448 15.124135 13.539224 19.028030 18.103154 31.367204 3.149233 8.266468 23.288588 21.100839 27.414903 23.146765 16.211498 24.028261 29.886826 25.220747 18.531784 27.271619 5.230697 4.104334 5.094022 8.175768 9.086335 6.258003 2.606170 5.513795 9.566865 13.515461 16.521187 13.319703 12.393748 8.933632 16.729143 12.244339 19.731979 14.317033
3.056403 3.328163 6.372305 4.751031 7.298211 7.584068 9.905973 8.046819 4.265629 -1.000000 6.875556 8.697877 13.539069 9.869855 12.590099 9.528174 17.049156 10.536231 18.577762 26.135687 24.793606 17.802012 4.744890 22.298934 17.855084 11.631456 14.678722 15.157376 19.458583 7.206565 7.906715 17.833917 21.560728 23.192705 19.952644 14.911922 23.101151 34.256294 16.652303 11.272268 21.280640 3.917904 2.288967 5.078782 5.589817 7.014014 7.793625 10.488768 8.911101 2.856536 3.318674 7.261219 12.225979 13.322738 9.228170 11.607956 10.332418 14.087933 14.192716 21.323059 27.790988 29.925662 14.622028 7.382553 24.647198 15.145930 10.701264 15.933950 16.651573 28.607929 6.653669 12.308343 27.411923 16.854426 23.192705 20.009743 18.182307 26.136089 31.712786 21.557200 15.744364 30.156152 2.268405 4.828314 4.881331 6.263920 8.418833 9.551471 1.703666 2.013086 5.427973 9.251138 16.124325 11.357144 13.393582 9.433508 15.590177 14.659433 19.906694 11.788127
5.692936 7.313158 7.577530 2.353932 5.611274 3.721192 7.729504 11.525143 10.536330 6.875556 -1.000000 2.233738 10.537964 5.091107 11.129667 9.036863 12.577285 12.327092 15.560681 22.354942 22.015250 11.197255 11.519753 28.253184 15.603052 5.309534 8.439389 9.648749 13.294162 12.977418 14.441862 24.219077 17.077685 20.606599 13.080991 21.754232 29.944754 40.906711 16.921443 13.218884 23.898983 4.389881 7.001163 5.601996 3.584393 6.485936 2.465085 8.658611 10.205449 9.700323 3.578914 1.826062 8.689828 9.436087 3.892193 11.515962 9.862685 9.070803 14.825357 18.038848 24.357837 27.253857 7.816915 13.723650 30.539574 13.054916 4.612890 9.222481 11.985718 21.992712 11.640882 18.801452 33.751556 12.957370 19.277464 13.225557 24.831740 32.768116 38.172540 20.582962 17.603858 31.685435 5.306697 8.242658 7.224780 4.615297 7.324402 13.584038 8.091544 7.514891 6.074922 6.043288 13.198615 6.702144 13.213003 9.677714 11.544025 16.474128 17.446748 6.043288
7.876317 9.499504 9.775715 4.521336 7.623614 5.520585 9.446598 13.756501 12.587510 8.697877 2.233738 -1.000000 11.828578 6.224844 12.810253 10.999883 13.182931 14.465553 16.638595 23.002633 23.032637 9.129311 13.153357 29.208450 16.920184 5.214713 8.102441 9.829932 12.806452 15.127810 16.460613 26.305055 14.957950 18.848462 11.541916 23.385376 31.557085 42.263488 16.053412 13.060508 26.017147 6.607693 9.116922 7.826192 5.778650 8.588350 4.025455 10.388799 12.341854 11.554299 5.398184 1.591006 7.026560 10.476288 4.971620 13.443916 11.791482 9.597531 16.782790 18.957906 25.110626 28.238102 5.966274 15.065366 31.447482 14.500005 4.909392 8.220611 12.523954 20.912606 13.844264 20.847047 35.858603 11.010665 17.242041 11.977847 26.237805 34.128229 39.383065 19.250931 17.217320 33.627400 7.393857 10.470783 9.458518 6.737911 9.290469 15.817596 10.068454 8.966563 6.491352 4.855177 14.387946 7.655059 15.075833 11.717456 12.390114 18.559738 18.654247 6.399305
10.496381 10.932856 7.833387 10.351722 6.270860 6.984736 3.638495 10.501644 14.257594 13.539069 10.537964 11.828578 -1.000000 5.603734 2.826556 4.924243 4.416104 8.233554 5.153679 12.596622 11.585328 16.720313 17.648046 35.514446 5.093706 7.761842 7.771244 5.699209 9.985010 14.685032 17.381310 24.926666 25.858326 30.565919 14.945538 26.453812 34.186785 46.110542 27.442976 23.342945 17.244687 9.775323 11.700423 8.473729 8.439190 6.594327 8.076358 3.232291 7.237907 15.161590 11.938921 12.312522 18.850883 1.854170 6.858565 5.142244 4.654256 4.261129 7.535914 7.832079 14.304815 16.823349 13.264607 20.671607 37.881810 2.817932 7.361092 10.460885 4.465432 19.414598 12.728781 20.660143 33.481219 22.556679 28.439935 13.565784 30.460527 38.219236 44.127286 31.041194 27.855395 23.033331 11.321566 10.154702 9.273556 7.425555 5.244065 12.124387 13.370153 15.327437 16.053412 16.508443 2.703316 4.321428 5.490640 5.783991 2.739093 10.288450 6.911306 6.257967
7.244233 8.411964 6.532660 5.584818 3.652622 2.286430 3.789189 10.620548 12.130269 9.869855 5.091107 6.224844 5.603734 -1.000000 6.860162 5.932548 7.597212 9.995806 10.500031 17.300252 16.943409 12.318117 14.524795 32.140434 10.695875 3.115781 5.292115 5.290850 9.761806 13.675013 15.888633 24.897447 20.567059 25.001861 12.074348 24.340219 32.433223 43.933917 21.989371 18.239258 21.030298 6.006931 8.748101 5.649344 4.291012 4.789564 2.668199 4.662909 8.052345 12.219769 7.343567 6.789281 13.248232 4.350057 1.257801 8.040624 6.510096 4.279546 11.332794 12.948691 19.275104 22.177180 8.636112 17.248224 34.478760 8.300626 2.247926 7.397888 7.065616 19.253183 11.881445 19.889994 34.119898 17.038669 23.056778 11.399338 27.919658 35.854894 41.528283 25.451137 22.668816 27.928696 7.646132 8.444794 7.262895 3.954502 4.524992 12.688310 10.354023 11.261859 10.986170 10.940881 8.187550 1.645528 9.415430 6.910975 6.464982 13.564673 12.454343 2.264915
9.563101 9.589517 6.338970 10.332108 5.870594 7.408889 3.400179 8.121847 12.511478 12.590099 11.129667 12.810253 2.826556 6.860162 -1.000000 3.106539 7.116907 5.525742 6.338158 14.039258 12.240901 18.850883 16.230020 33.961017 5.284262 9.619695 10.256464 8.409052 12.804314 12.489179 15.274556 22.306282 27.424345 31.652363 17.519141 24.423704 31.967458 43.986742 27.692944 23.151215 14.661093 9.203212 10.500379 7.602256 8.271545 5.664967 8.807112 2.479054 4.908183 13.746908 11.671668 12.955726 19.769896 4.462024 7.993281 2.365060 2.443204 6.902055 4.850161 9.086219 15.427352 17.337942 15.260597 19.327901 36.328277 2.622192 8.987237 12.918098 7.251576 22.234991 10.556036 18.258865 30.724473 23.791680 29.891686 16.247819 28.561238 36.197735 42.173041 31.673118 27.705905 21.078071 10.535842 8.515204 7.877726 7.103750 4.291756 9.547967 12.084813 14.522439 15.977996 17.165643 4.135028 6.114682 2.790864 3.595876 5.485956 7.519747 7.344541 8.215798
6.535397 6.483585 3.232669 7.782455 3.430100 5.496333 2.309683 5.657121 9.482204 9.528174 9.036863 10.999883 4.924243 5.932548 3.106539 -1.000000 9.272490 4.118809 9.373653 17.073408 15.345688 18.236947 13.131828 30.899050 8.388766 9.035853 10.595549 9.389544 14.100237 9.760933 12.465478 20.210451 25.924248 29.624845 17.774647 21.564376 29.263426 41.202179 25.053737 20.297327 15.195865 6.345570 7.403479 4.650234 5.735315 2.812366 7.024417 1.885088 2.467799 10.645680 8.911084 10.823668 17.709999 5.779782 6.736556 2.490136 0.872128 7.855352 5.791351 12.137316 18.518711 20.424935 14.544419 16.225333 33.267267 5.721586 8.173846 13.060508 9.195390 23.744959 7.804626 15.772005 29.033966 21.974998 28.241873 16.824072 25.625615 33.337982 39.273530 29.270677 24.852560 22.650985 7.545375 5.434723 4.772159 4.553177 1.714081 7.455894 8.978769 11.486162 13.245786 14.927613 7.039538 5.977711 4.258165 1.049457 7.591824 7.700452 10.449536 7.918616
14.117383 14.834313 11.940608 13.138285 9.834822 9.696856 7.572533 14.898985 18.347320 17.049156 12.577285 13.182931 4.416104 7.597212 7.116907 9.272490 -1.000000 12.619064 4.608271 9.823740 10.233003 15.467137 21.455060 39.299008 6.142655 8.114073 6.365938 3.825452 6.350626 19.007311 21.648777 29.342003 25.531168 31.016191 12.466247 30.641002 38.472112 50.324798 29.234691 25.792354 20.656147 13.140826 15.474856 12.166171 11.553048 10.471713 10.244131 7.460035 11.640934 19.007911 14.874323 14.122444 19.876104 3.773403 8.701531 9.480301 9.065099 3.585709 11.396816 6.084430 11.939176 15.278330 12.555980 24.375817 41.657694 5.737516 8.273734 8.727209 0.740025 15.271957 17.053055 25.042731 37.841376 22.924729 28.277400 10.708369 34.545544 42.373706 48.223401 32.216369 30.173112 25.183345 14.781138 14.260177 13.267829 10.786345 9.267320 16.540341 17.158552 18.649680 18.571210 18.037498 3.917399 5.952924 9.477990 10.179345 1.683907 14.232318 6.864928 6.786479
8.132140 7.217674 4.877900 10.564665 6.939654 9.181376 6.422867 3.282167 8.698690 10.536231 12.327092 14.465553 8.233554 9.995806 5.525742 4.118809 12.619064 -1.000000 11.393078 18.884745 16.372425 22.233896 12.813815 29.813518 9.795517 13.110960 14.698606 13.353532 17.991054 7.680374 10.515782 16.789868 29.403524 32.558494 21.893021 19.602095 26.816502 38.919958 27.044410 21.803900 11.576659 8.630755 8.253945 6.944791 8.758268 5.885282 10.690298 5.847812 2.123771 10.542294 11.170323 13.984758 20.753131 9.541576 10.683751 3.173827 3.815897 11.805664 3.875233 13.980624 19.918764 21.038362 18.534641 15.890356 32.157615 7.684236 12.214776 17.179108 12.698377 27.568520 5.948323 12.955048 25.250692 25.213161 31.579420 20.917261 23.901273 31.297466 37.342748 31.670621 26.278712 19.820623 9.193024 5.707983 5.913543 7.728236 5.513202 4.121947 9.368783 12.531968 15.311748 17.814142 9.516672 10.091649 4.056474 3.093781 10.961925 4.270401 11.708364 12.033345
15.521778 15.780925 12.561644 15.501058 11.380404 12.106623 8.699516 14.334440 18.840125 18.577762 15.560681 16.638595 5.153679 10.500031 6.338158 9.373653 4.608271 11.393078 -1.000000 7.704007 6.459402 20.002596 22.481290 40.272684 2.059405 11.983941 10.811575 8.263063 10.707517 18.763633 21.572388 27.993704 29.877332 35.071610 17.057720 30.728790 38.167343 50.233231 32.480654 28.487501 17.046122 14.889094 16.627190 13.499382 13.591024 11.568680 13.098389 8.094552 11.204494 19.989663 17.091931 17.288562 23.588768 6.166877 11.747756 8.348357 8.778653 7.524601 8.880303 2.766722 9.213900 11.701866 16.938695 25.555943 42.640872 3.773403 11.866071 13.288668 5.304375 18.737566 16.850860 24.344237 35.836944 26.990019 32.576057 15.252620 34.891928 42.495215 48.487704 35.885586 32.991258 20.724443 16.397354 14.808078 14.077660 12.560062 10.169971 15.514794 18.264120 20.415697 21.194830 21.427674 2.466751 8.984951 7.465192 9.933688 4.440151 11.605007 2.267533 10.504130
23.091171 23.443587 20.244466 22.697064 18.857012 19.234192 16.231915 21.947824 26.544093 26.135687 22.354942 23.002633 12.596622 17.300252 14.039258 17.073408 9.823740 18.884745 7.704007 -1.000000 4.035984 23.967883 30.156772 47.970690 9.089232 17.883518 15.669596 13.353532 13.024818 26.400832 29.224100 35.103957 34.467932 40.408510 19.758658 38.379206 45.699090 57.803775 39.055918 35.539364 21.942854 22.347843 24.260748 21.067156 20.920788 19.167027 19.968260 15.716513 18.877373 27.664255 24.376191 23.937017 29.604812 13.067727 18.463667 15.962079 16.481329 13.406286 15.850673 4.958108 2.368595 6.497442 21.685672 33.216519 50.339117 11.447956 18.094924 17.450409 10.480063 17.199817 24.507867 31.810907 42.348245 32.365895 37.292344 17.672165 42.573248 50.130295 56.142927 41.920976 39.958317 22.509969 23.913981 22.505833 21.748860 19.979532 17.785983 22.975933 25.914388 27.910279 28.274172 27.855395 10.070266 15.663741 14.845096 17.632869 10.845291 18.258122 7.256190 16.603450
21.744967 21.829192 18.578143 21.935030 17.725027 18.559682 15.032743 19.590005 24.586503 24.793606 22.015250 23.032637 11.585328 16.943409 12.240901 15.345688 10.233003 16.372425 6.459402 4.035984 -1.000000 25.485845 28.433516 46.023447 6.956937 18.209400 16.571903 14.053120 15.022694 24.041527 26.880573 31.966734 35.728396 41.234231 21.803202 35.970441 42.986588 55.130290 38.931626 34.927745 18.068002 21.219025 22.738980 19.742183 19.994236 17.792961 19.554699 14.337956 16.760124 25.962127 23.496756 23.732142 29.925866 12.596622 18.184697 13.759573 14.623901 13.652970 12.940688 4.151916 3.764524 5.242643 22.760772 31.542403 48.383441 9.650325 18.195360 18.761906 10.969971 20.671460 22.233301 29.070853 38.814545 33.140868 38.492142 19.790968 40.271545 47.630170 53.692060 42.252856 39.440020 18.546595 22.670990 20.706202 20.117838 18.929520 16.387108 20.331930 24.324214 26.687120 27.638729 27.848076 8.882016 15.398858 12.342397 15.698306 10.667378 15.056882 4.896360 16.777170
16.872349 18.482449 18.092983 13.551133 15.402214 13.182650 16.093117 22.272930 21.706907 17.802012 11.197255 9.129311 16.720313 12.318117 18.850883 18.236947 15.467137 22.233896 20.002596 23.967883 25.485845 -1.000000 22.102142 36.837362 21.144673 9.279705 9.216541 11.744687 11.031645 24.166662 25.588833 35.411945 10.583769 17.100473 5.150727 32.244448 40.351915 50.588591 19.211856 18.887645 33.328441 15.523302 18.196940 16.410930 14.318729 16.554168 11.790359 16.924499 20.198675 20.656147 14.522439 10.546910 9.688083 14.887408 11.550783 20.329626 18.827143 12.715855 23.562571 21.422988 26.324057 30.197906 3.699304 23.661399 38.934403 19.492326 10.070266 6.746913 14.738294 14.964458 22.757704 29.971196 44.948805 9.725695 13.437340 7.005312 34.760019 42.507819 47.436608 19.935559 21.887184 39.753221 16.490935 19.269516 18.156568 14.949334 16.721123 24.380740 19.197756 17.846051 14.485520 10.576868 18.487470 12.738338 21.571654 19.184439 15.694817 25.879613 22.268763 10.635387
7.365014 6.719186 9.920081 9.486206 11.620670 12.242623 14.035770 9.658409 4.142070 4.744890 11.519753 13.153357 17.648046 14.524795 16.230020 13.131828 21.455060 12.813815 22.481290 30.156772 28.433516 22.102142 -1.000000 17.872840 21.489491 16.376327 19.418515 19.813553 24.182463 6.431104 5.253687 14.583244 24.451585 24.837130 24.586713 10.244012 18.430681 29.511863 16.852079 10.999053 21.908997 8.518205 5.983104 9.289225 10.235396 11.066629 12.535427 14.455244 11.786849 2.492517 7.943550 11.618632 15.211074 17.686792 13.949088 14.760623 13.814905 18.675275 16.687346 25.248011 31.650248 33.420240 19.119626 3.117294 20.238585 18.850883 15.444303 20.659682 21.114580 33.351346 7.224527 9.142420 24.018991 19.629664 25.675546 24.719378 13.441016 21.394101 27.005964 22.232528 14.869822 31.236687 6.883804 7.727370 8.407912 10.743896 12.405096 10.276334 4.298804 4.262557 8.182030 12.530754 20.086684 15.948197 16.396574 12.737848 19.918764 16.373169 23.547459 16.506415
25.181647 24.581639 27.734880 26.709569 29.469362 29.862665 31.908186 26.534632 21.459917 22.298934 28.253184 29.208450 35.514446 32.140434 33.961017 30.899050 39.299008 29.813518 40.272684 47.970690 46.023447 36.837362 17.872840 -1.000000 39.147248 33.511639 36.643862 37.405248 41.498945 22.195307 19.427309 20.352788 34.537650 31.050235 40.558766 11.353720 10.960224 14.774375 21.586682 18.464468 35.728294 26.214246 23.850218 27.146840 27.883218 28.939218 29.862883 32.308716 29.265494 20.353821 24.968169 27.637106 27.567027 35.539749 31.390846 32.264330 31.520383 36.383045 33.582448 43.035452 49.373295 50.838523 34.778002 14.928329 2.368595 36.578617 32.687135 37.375014 38.931129 50.119031 23.867502 18.932855 25.089707 30.343175 34.305363 41.179360 7.204433 8.099436 10.957484 26.146807 17.669285 45.055265 24.560145 25.465115 26.250622 28.530097 30.270392 26.248831 22.167693 20.927150 22.773613 26.268720 37.912190 33.653812 33.735987 30.392612 37.782636 32.467211 41.185840 33.928733
14.813864 14.872311 11.621284 15.231938 10.893243 11.980502 8.218551 12.885126 17.689219 17.855084 15.603052 16.920184 5.093706 10.695875 5.284262 8.388766 6.142655 9.795517 2.059405 9.089232 6.956937 21.144673 21.489491 39.147248 -1.000000 12.638096 11.934843 9.454448 12.444996 17.346862 20.179446 26.187165 30.718724 35.615730 18.556951 29.325076 36.610541 48.714955 32.472504 28.197993 15.003037 14.351413 15.783900 12.824459 13.228973 10.874665 13.149436 7.456364 9.899587 19.013193 16.713761 17.391205 23.939432 6.589965 11.951668 6.927157 7.674727 8.447676 6.963494 4.218793 10.237759 12.075747 17.900522 24.594631 41.511480 2.716788 12.358643 14.529979 6.754124 20.746093 15.478040 22.729324 33.880878 27.578450 33.356546 16.844133 33.557492 41.060492 47.086455 36.133058 32.737881 19.043835 15.759709 13.763287 13.160907 12.118263 9.473046 13.890863 17.367397 19.766818 20.943426 21.595554 2.680712 9.345519 5.761249 8.767902 5.465398 9.623490 2.060881 11.125019
9.481633 10.875475 9.475891 6.910850 6.600987 4.660813 6.832060 13.634631 14.542681 11.631456 5.309534 5.214713 7.761842 3.115781 9.619695 9.035853 8.114073 13.110960 11.983941 17.883518 18.209400 9.279705 16.376327 33.511639 12.638096 -1.000000 3.135783 4.618163 7.994708 16.395869 18.411324 27.708217 18.107530 23.087786 9.070132 26.473908 34.639861 45.886609 21.215491 18.210569 24.051136 8.105388 10.998846 8.259472 6.451980 7.772125 3.866155 7.646927 11.162218 14.265627 8.586277 6.423506 11.763324 6.058372 2.739593 11.053810 9.576904 4.565155 14.285448 14.073889 20.045139 23.345682 5.645034 18.831021 35.810797 10.579457 1.017067 4.508826 7.420780 16.981926 14.691121 22.562138 37.027503 15.007295 20.721000 8.617755 29.808960 37.762630 43.282768 24.104838 22.424379 30.652101 9.599385 11.176709 9.987158 6.568439 7.635082 15.722948 12.462585 12.640744 11.298688 10.017863 9.975560 3.524822 12.306404 10.023935 7.570152 16.616638 14.142250 1.514593
12.353378 13.637979 11.788315 9.999924 8.930153 7.371853 8.286239 15.781958 17.349117 14.678722 8.439389 8.102441 7.771244 5.292115 10.256464 10.595549 6.365938 14.698606 10.811575 15.669596 16.571903 9.216541 19.418515 36.643862 11.934843 3.135783 -1.000000 2.555201 4.858936 18.967124 21.152507 30.171523 19.166669 24.779000 7.277542 29.439144 37.579298 48.926625 23.823500 21.162939 24.915038 11.019517 13.875435 10.910305 9.313887 10.037721 6.885571 8.880988 12.961936 17.241335 11.700826 9.447688 14.068051 5.920202 5.511767 12.156765 10.927734 3.565287 15.105299 12.435947 17.936857 21.524150 6.191987 21.933423 38.944972 10.433510 3.985158 2.689777 5.626139 14.025816 17.166361 25.181586 39.338175 16.710848 21.920797 6.235075 32.859432 40.812603 46.371216 26.307408 25.275711 30.705970 12.579715 13.736203 12.552647 9.201228 9.531829 17.803456 15.407421 15.757113 14.380967 12.725422 9.290846 4.628725 13.047328 11.641652 6.478685 17.699001 13.072615 3.042215
12.504562 13.570354 11.219608 10.735780 8.552737 7.576851 7.168724 14.907911 17.268546 15.157376 9.648749 9.829932 5.699209 5.290850 8.409052 9.389544 3.825452 13.353532 8.263063 13.353532 14.053120 11.744687 19.813553 37.405248 9.454448 4.618163 2.555201 -1.000000 4.745531 18.513166 20.911479 29.469367 21.708808 27.224369 9.303608 29.553615 37.600002 49.184729 25.823122 22.767588 22.941843 11.295416 13.990685 10.785725 9.581747 9.513555 7.607617 7.535914 11.848944 17.490637 12.498664 10.971912 16.253997 3.947572 6.041500 10.533762 9.539024 1.548365 13.218884 9.907928 15.570845 19.056508 8.734527 22.531037 39.737465 8.165280 5.058343 5.075756 3.085904 14.408232 16.622835 24.719884 38.415337 19.138553 24.452083 7.866576 33.193244 41.120186 46.813785 28.568020 27.024715 28.352298 12.936891 13.382993 12.247374 9.152094 8.685363 16.819958 15.620591 16.493139 15.722513 14.632220 6.850731 3.948998 11.162218 10.429427 3.990498 15.928794 10.526987 3.606859
16.992572 18.164497 15.944362 14.826753 13.221354 11.992792 11.906986 19.650050 21.880166 19.458583 13.294162 12.806452 9.985010 9.761806 12.804314 14.100237 6.350626 17.991054 10.707517 13.024818 15.022694 11.031645 24.182463 41.498945 12.444996 7.994708 4.858936 4.745531 -1.000000 23.233656 25.585504 34.214665 21.606399 27.886506 6.796782 34.098264 42.194480 53.662286 28.071797 25.819234 26.942181 15.708003 18.503993 15.387553 13.985944 14.223647 11.687727 12.229214 16.566109 21.943963 16.543790 14.227187 18.131038 8.456315 10.233493 15.054386 14.193788 6.250671 17.458253 11.250114 15.392604 19.392176 9.329733 26.757709 43.802272 11.969716 8.817728 5.070358 5.863400 9.663242 21.354576 29.447396 43.134186 20.035271 24.454696 4.768555 37.616872 45.564678 51.170510 30.040325 29.801780 31.428888 17.309675 18.070806 16.917891 13.710264 13.429969 21.547100 20.088652 20.598772 19.189355 17.205299 10.247561 8.621303 15.445573 15.131661 7.566936 20.252159 12.846302 7.676709
7.295025 5.695158 7.293736 10.626295 10.055137 11.735748 11.545601 4.463748 3.010301 7.206565 12.977418 15.127810 14.685032 13.675013 12.489179 9.760933 19.007311 7.680374 18.763633 26.400832 24.041527 24.166662 6.431104 22.195307 17.346862 16.395869 18.967124 18.513166 23.233656 -1.000000 2.839443 11.343299 28.755718 30.233857 25.400497 11.979625 19.509020 31.498113 22.947764 17.175327 15.486805 8.661422 6.022106 8.136539 10.063920 9.011240 12.746444 11.547727 7.580996 5.156542 9.953714 13.935079 19.430176 15.377505 13.659876 10.438758 10.125358 17.089732 11.390046 21.452345 27.548190 28.707495 20.684386 9.102895 24.526382 14.990266 15.378811 20.902282 18.875762 32.855514 1.956368 6.221468 20.803500 24.060755 30.394999 24.994315 16.232160 23.733617 29.743110 28.170710 21.238602 24.852315 7.753999 5.235675 6.424927 9.832717 9.894715 4.146050 5.507128 8.521990 12.566213 16.442712 16.621334 14.617242 11.700826 8.955036 17.334546 10.440754 19.319092 15.932775
8.979711 7.537256 9.770540 12.113013 12.366240 13.802879 14.115095 7.301098 3.919857 7.906715 14.441862 16.460613 17.381310 15.888633 15.274556 12.465478 21.648777 10.515782 21.572388 29.224100 26.880573 25.588833 5.253687 19.427309 20.179446 18.411324 21.152507 20.911479 25.585504 2.839443 -1.000000 9.928787 29.205980 30.009526 27.268504 9.156930 16.823530 28.738975 22.096587 16.237264 17.457391 10.382061 7.508410 10.243700 11.965648 11.413888 14.623901 14.199156 10.372093 5.191236 11.084319 15.108129 19.865148 17.963409 15.713803 13.263919 12.883396 19.539819 14.191783 24.272107 30.386009 31.531680 22.255759 7.215763 21.745910 17.799628 17.401917 22.909070 21.478197 35.140945 4.721750 4.403721 19.506057 24.419593 30.616308 27.025982 13.392736 20.924884 26.919449 27.486207 19.970058 26.916874 9.142299 7.530663 8.668444 11.951401 12.433256 6.822696 6.396095 8.617491 12.803423 16.990354 19.398395 16.973862 14.540235 11.710716 19.988544 13.077002 22.156318 18.111369
18.589900 17.017486 18.384667 21.867367 21.246191 23.049114 22.318064 14.577600 13.722437 17.833917 24.219077 26.305055 24.926666 24.897447 22.306282 20.210451 29.342003 16.789868 27.993704 35.103957 31.966734 35.411945 14.583244 20.352788 26.187165 27.708217 30.171523 29.469367 34.214665 11.343299 9.928787 -1.000000 38.995659 39.242652 36.736624 9.548907 12.321167 24.054478 30.617977 24.852003 16.942798 19.976265 17.218203 19.459834 21.407219 20.135245 24.089561 22.094274 17.759406 15.098782 20.969449 24.999378 29.690935 25.989704 24.968709 19.963620 20.294726 27.976635 19.265695 30.395400 35.712354 35.767346 31.988408 15.143851 22.188053 24.404987 26.691799 32.205777 29.351644 43.877585 13.025051 5.541914 9.578174 34.182869 40.258283 36.277095 13.155367 17.786244 23.690331 36.139881 27.805550 25.607915 18.921281 16.532200 17.721162 21.140068 20.791651 12.803601 16.288038 18.452392 22.613130 26.870588 26.285941 25.686919 20.533385 19.225921 27.665075 16.912388 27.860184 27.162348
22.131150 23.664102 24.630847 19.017551 22.578137 20.427960 24.192562 28.389615 25.821822 21.560728 17.077685 14.957950 25.858326 20.567059 27.424345 25.924248 25.531168 29.403524 29.877332 34.467932 35.728396 10.583769 24.451585 34.537650 30.718724 18.107530 19.166669 21.708808 21.606399 28.755718 29.205980 38.995659 -1.000000 7.117335 15.461038 33.332754 40.766193 49.193736 13.404470 16.367965 40.969456 21.122770 22.967986 22.603467 20.656773 23.540513 18.900600 25.123708 27.280775 24.036078 19.023271 15.482472 9.350255 24.161695 19.444420 28.330335 26.689286 22.362426 31.678017 31.600704 36.810418 40.592930 12.975203 24.699308 36.245548 28.671349 18.529387 17.044516 24.791152 24.276763 27.926391 33.481610 48.470444 4.825005 2.856536 17.473930 34.591430 41.548982 45.495129 11.417886 17.155006 48.458567 21.320184 24.921686 24.075544 21.679701 24.224981 30.353190 23.251661 20.588874 16.404356 12.313016 28.042194 21.556897 29.885706 26.671269 25.446659 33.517688 32.105877 19.620828
24.622880 25.948956 27.681363 22.020895 26.195079 24.285149 28.271795 30.898912 27.224434 23.192705 20.606599 18.848462 30.565919 25.001861 31.652363 29.624845 31.016191 32.558494 35.071610 40.408510 41.234231 17.100473 24.837130 31.050235 35.615730 23.087786 24.779000 27.224369 27.886506 30.233857 30.009526 39.242652 7.117335 -1.000000 22.183483 32.173093 38.810030 45.817196 9.603235 14.623901 44.031674 23.934685 25.067462 25.617067 23.959637 26.960249 22.846727 29.211995 30.497864 25.138236 21.463000 18.803211 11.917496 29.044249 23.772523 32.111776 30.461825 27.601277 35.394908 37.082903 42.702584 46.280873 18.735780 24.182840 32.431786 33.302049 23.264481 23.024842 30.285431 31.328706 29.844591 33.942380 48.361972 8.093424 4.773019 24.104712 32.518684 38.662786 41.863783 5.279077 13.462675 52.233868 23.643475 27.387738 26.783490 25.108597 27.918568 32.647057 24.869570 21.712172 17.769169 14.756242 32.998451 26.270797 33.819598 30.193775 30.652096 36.815708 37.214841 24.572230
18.289689 19.785394 18.543127 15.271750 15.662001 13.702803 15.471664 22.684957 23.355934 19.952644 13.080991 11.541916 14.945538 12.074348 17.519141 17.774647 12.466247 21.893021 17.057720 19.758658 21.803202 5.150727 24.586713 40.558766 18.556951 9.070132 7.277542 9.303608 6.796782 25.400497 27.268504 36.736624 15.461038 22.183483 -1.000000 34.828761 43.017308 53.803904 24.132085 23.207917 32.164103 16.886859 19.766856 17.278396 15.352081 16.828095 12.669701 16.123193 20.065505 22.756896 16.658149 13.130206 14.321820 13.119775 11.798562 19.430176 18.163227 10.684477 22.369227 17.947371 22.126356 26.170122 5.785569 26.606740 42.744939 17.468010 10.077515 4.714657 11.812105 10.046068 23.739558 31.512147 46.091372 14.867162 18.310204 2.100363 37.777734 45.669600 50.884387 25.079711 26.567719 37.577938 18.202523 20.211324 19.026317 15.611717 16.560746 24.760975 21.070875 20.475517 17.805088 14.519296 16.064211 11.806914 20.308603 18.809682 13.190545 24.976506 19.288193 9.891947
17.107678 15.988475 18.700414 19.656749 21.049147 22.110282 23.069543 16.439958 12.328299 14.911922 21.754232 23.385376 26.453812 24.340219 24.423704 21.564376 30.641002 19.602095 30.728790 38.379206 35.970441 32.244448 10.244012 11.353720 29.325076 26.473908 29.439144 29.553615 34.098264 11.979625 9.156930 9.548907 33.332754 32.173093 34.828761 -1.000000 8.190950 19.687357 22.889487 17.569544 24.399027 18.420204 15.594275 18.770823 20.132374 20.228860 22.608413 23.240412 19.526323 12.208510 18.175359 21.836255 24.555194 26.903720 23.928245 22.417459 22.019651 28.277255 23.145649 33.428419 39.513070 40.512043 29.349965 8.764033 13.470738 26.956299 25.509262 30.837448 30.418873 43.446621 13.877967 7.635691 16.797468 28.568558 34.047385 34.920885 4.440187 11.776544 17.763775 28.363692 19.569008 33.702803 16.875893 16.384128 17.420396 20.408543 21.374790 15.688612 14.031725 14.433812 17.926720 22.226923 28.540173 25.611122 23.650596 20.847773 29.003330 21.661085 31.288480 26.452248
25.228905 24.036591 26.575552 27.843145 29.057821 30.227526 30.933253 23.853004 20.331458 23.101151 29.944754 31.557085 34.186785 32.433223 31.967458 29.263426 38.472112 26.816502 38.167343 45.699090 42.986588 40.351915 18.430681 10.960224 36.610541 34.639861 37.579298 37.600002 42.194480 19.509020 16.823530 12.321167 40.766193 38.810030 43.017308 8.190950 -1.000000 12.147033 29.248951 24.541635 29.221623 26.562680 23.708670 26.819946 28.265563 28.175866 30.773742 31.019472 27.068024 20.377847 26.365960 29.999934 32.328258 34.781715 32.067950 29.821068 29.630313 36.281372 30.045900 40.794215 46.639222 47.220224 37.517751 16.719449 11.898509 34.407190 33.668089 39.020415 38.298294 51.598946 21.463000 13.917542 14.407176 36.098220 41.200871 43.108165 6.291449 5.559305 11.369422 34.483786 25.549352 37.905621 25.040862 24.294928 25.383932 28.485151 29.246657 22.726795 22.181378 22.594367 25.940280 30.172350 36.102231 33.651128 30.855197 28.461799 36.810257 28.141210 38.490439 34.576002
36.690212 35.647408 38.385131 38.985043 40.717456 41.675825 42.754865 35.899763 32.011378 34.256294 40.906711 42.263488 46.110542 43.933917 43.986742 41.202179 50.324798 38.919958 50.233231 57.803775 55.130290 50.588591 29.511863 14.774375 48.714955 45.886609 48.926625 49.184729 53.662286 31.498113 28.738975 24.054478 49.193736 45.817196 53.803904 19.687357 12.147033 -1.000000 36.358412 32.931725 40.970162 37.954693 35.194944 38.421901 39.677345 39.914135 42.046492 42.908842 39.078740 31.719972 37.376222 40.674092 41.742145 46.590856 43.439853 41.885627 41.616103 47.938363 42.189865 52.883877 58.775672 59.358685 48.120631 27.209415 13.513877 46.464442 44.955819 50.117987 50.106221 62.851873 33.438786 26.059444 22.770037 44.866532 49.055499 54.126748 16.082193 8.139530 4.267550 40.867015 32.441194 49.250336 36.357289 36.070976 37.105082 40.032869 41.060342 34.847686 33.580952 33.396536 36.144490 40.068144 48.119446 45.254060 42.967774 40.443845 48.682433 40.279345 50.612066 45.988919
