n_nodos R alpha CityArea
200 250 0 2323
ID_Nodo Costo_C Demanda_D Potencia_f Rango_s Es_Remoto_T
0 337869 2142 2420 48 0
1 2472993 1235 1807 68 0
2 1311804 3946 3127 64 0
3 3078621 4317 2928 20 0
4 983683 4768 2991 22 0
5 2101954 624 1426 60 1
6 1302115 2553 1962 20 0
7 100242 434 1293 42 1
8 996289 2719 1879 68 0
9 2761523 2500 2114 31 0
10 418275 4371 2899 56 0
11 1751127 3824 3168 22 0
12 2569532 1906 2306 62 0
13 1909652 1346 1611 40 0
14 1114219 2736 2512 78 0
15 1952565 4111 3361 43 0
16 3305173 4308 3320 44 0
17 2583657 3852 2643 37 0
18 2339512 4373 3137 49 0
19 1532842 2315 2331 44 0
20 903439 3993 3270 24 0
21 1785314 3604 3008 50 0
22 2942689 2987 2399 41 0
23 1533768 1168 1731 52 0
24 547899 2673 2483 59 0
25 1706465 640 1027 50 1
26 2616576 4461 3642 27 0
27 459926 4789 3074 20 0
28 673886 1578 1719 73 0
29 3046361 4592 3340 32 0
30 246330 2430 1909 53 0
31 1073569 4824 3456 24 0
32 3367881 309 1260 36 1
33 835473 850 1025 61 0
34 1781351 3913 3112 23 0
35 282767 1253 1598 40 0
36 1475085 3966 2582 45 0
37 2438431 4600 3543 71 0
38 2438224 1372 2141 57 0
39 509911 2693 2126 45 0
40 2414037 1202 1639 53 0
41 3326752 2803 2361 71 0
42 1331585 1906 2308 69 0
43 497105 3694 2604 74 0
44 1768810 2832 2532 33 0
45 3171622 2212 2460 40 0
46 217047 4467 3046 75 0
47 3476096 3260 2323 60 0
48 3160373 423 1614 29 1
49 3211363 76 853 51 1
50 2852830 554 1274 23 1
51 1326286 3203 3076 62 0
52 1075817 3958 2577 70 0
53 546408 2388 2514 77 0
54 2333058 2392 1900 40 0
55 2903974 901 1382 32 0
56 149693 1895 1975 26 0
57 1243638 2560 2306 62 0
58 2246126 1770 1717 47 0
59 1296846 1661 1713 30 0
60 757821 530 836 25 1
61 474068 2160 2493 34 0
62 2175424 3940 3207 34 0
63 2619129 2141 2347 44 0
64 680795 215 1346 68 1
65 1931420 4049 3454 61 0
66 2848641 2462 2422 52 0
67 3089676 2146 2380 73 0
68 1069595 2551 2599 28 0
69 360984 242 938 26 1
70 2999914 3321 2534 73 0
71 424115 16 839 51 1
72 1062314 2488 2658 21 0
73 379907 1462 1656 74 0
74 2702029 3534 2418 57 0
75 3058937 4406 2983 51 0
76 1978099 3218 2712 79 0
77 2009624 2226 2014 34 0
78 2234883 4612 3348 50 0
79 754050 522 971 36 1
80 1391472 4349 3613 79 0
81 3048011 3702 2424 58 0
82 307899 4321 3610 43 0
83 1618015 3169 2326 49 0
84 1939422 4262 2933 24 0
85 1378880 403 755 54 1
86 2918427 2825 2203 28 0
87 608369 2939 2199 71 0
88 2537505 1292 1788 26 0
89 1957128 62 732 27 1
90 3062535 2705 2169 42 0
91 2538392 3511 2389 77 0
92 2784912 1897 1760 28 0
93 3426668 3471 3160 64 0
94 1927107 4190 3517 49 0
95 392737 2007 1852 35 0
96 484412 2113 1566 67 0
97 294348 4131 3098 28 0
98 406692 4798 3805 55 0
99 813509 1039 1137 39 0
100 2711064 2089 2370 61 0
101 1799725 214 653 79 1
102 1566430 4711 3274 41 0
103 1205781 2139 1822 41 0
104 1467074 2184 2378 75 0
105 2077887 2227 1643 67 0
106 2353947 3941 2875 37 0
107 2993449 1736 1472 50 0
108 980242 3591 2931 64 0
109 2514149 4764 3515 53 0
110 330913 539 864 74 1
111 1148202 3704 2505 53 0
112 380079 4089 2726 43 0
113 1741563 968 1981 23 0
114 3222705 499 890 39 1
115 2682034 2625 2399 46 0
116 864447 330 856 53 1
117 386932 3099 2155 62 0
118 1656891 2513 2074 44 0
119 2871452 3015 2871 53 0
120 2822421 2061 1810 42 0
121 1744318 2012 2351 75 0
122 2053815 3707 3260 30 0
123 817508 1075 1494 63 0
124 1787168 962 1516 42 0
125 3244255 2036 1961 53 0
126 1242105 1448 2052 41 0
127 2187623 1453 1813 60 0
128 2869745 125 875 26 1
129 2618254 321 1488 36 1
130 1246449 2973 2412 22 0
131 1474265 4950 2975 27 0
132 2083676 3359 2521 75 0
133 306802 2128 2184 67 0
134 1186716 4775 3375 20 0
135 711056 115 675 26 1
136 1170924 3409 2565 25 0
137 3340885 4772 3050 71 0
138 368236 2535 1991 40 0
139 503787 998 1330 74 0
140 2209076 4377 2856 37 0
141 1542231 4174 2869 60 0
142 2285887 2351 1815 22 0
143 1963913 4602 3327 20 0
144 1303235 95 1248 26 1
145 3314639 4552 3214 35 0
146 166550 1799 1564 43 0
147 3006176 4289 3488 27 0
148 359132 3457 3006 66 0
149 673718 1287 2021 63 0
150 3470086 2333 2370 37 0
151 511367 3606 2341 49 0
152 2092097 2501 2486 68 0
153 2262571 2773 2477 47 0
154 2817488 1831 1556 33 0
155 1072842 2906 2637 74 0
156 2724670 2722 2748 75 0
157 2297171 4914 3320 21 0
158 3175035 4892 3737 74 0
159 641754 4072 2826 58 0
160 1040167 52 722 33 1
161 2365810 3670 2624 49 0
162 2200763 3010 2540 62 0
163 3185343 1323 1969 37 0
164 1222631 91 972 32 1
165 3212463 779 1086 46 0
166 632029 2873 2673 45 0
167 1713774 3781 3358 71 0
168 3199363 2647 1940 74 0
169 2490124 737 1778 53 1
170 1201393 2516 2757 59 0
171 120921 4433 3359 78 0
172 973422 1182 1571 60 0
173 2104389 126 956 76 1
174 776626 970 1683 67 0
175 491144 295 1261 38 1
176 3391792 2568 2505 20 0
177 2863248 1589 1882 79 0
178 1539387 2526 2195 28 0
179 2566464 1091 1202 27 0
180 2135085 4685 3240 37 0
181 674192 1065 2027 59 0
182 804725 4756 3370 26 0
183 777987 504 935 36 1
184 3094240 4642 3567 72 0
185 1058998 463 874 68 1
186 3335242 3611 2602 36 0
187 2489802 4885 3205 33 0
188 3130875 18 735 67 1
189 1178480 3085 2637 47 0
190 2742340 1936 1598 45 0
191 1478896 4959 3315 70 0
192 2064958 984 1968 67 0
193 1952057 4037 3277 64 0
194 759910 1039 1339 46 0
195 793593 3681 2489 34 0
196 1731250 1087 1861 63 0
197 762533 4969 2994 61 0
198 1102205 4812 2938 29 0
199 2960885 4308 3612 79 0
Matriz_Distancias
-1.000000 30.037292 16.038508 10.570733 5.935528 16.788532 17.459158 13.026108 8.515007 3.950472 37.741337 28.581671 34.515947 10.808966 21.470166 8.327211 21.493121 28.563617 15.066023 33.304691 17.945341 36.453458 18.026749 22.676850 8.272236 2.866503 24.341369 11.558785 11.934859 30.841709 15.949674 33.124532 36.913130 19.388056 27.379477 22.248332 3.754380 31.005070 10.830683 15.041090 13.432194 23.086379 17.880219 15.283461 16.867274 10.923782 29.418166 36.222483 17.787752 20.177670 14.101962 26.441949 24.407461 13.533293 22.799153 7.777497 15.230563 22.442552 28.281855 6.807755 22.275985 29.124931 16.309885 22.248756 6.381495 26.232897 34.434815 23.196828 15.154567 22.517803 29.316995 3.812236 26.600142 14.176732 16.772488 35.686173 16.382537 34.116798 28.298243 20.180032 19.422594 14.307753 42.347046 17.421264 19.236058 13.653684 4.503623 7.478095 14.481357 2.558197 8.409244 30.432358 34.284059 31.348658 20.027331 22.341688 23.507309 12.496916 33.641400 18.202046 21.790098 24.424441 32.176450 16.525131 18.093927 34.217608 17.511618 23.647928 26.492370 12.063926 18.119181 16.408283 39.463588 28.451110 9.951896 12.965071 7.792651 16.932140 12.846353 29.811385 3.673077 5.040121 27.416075 27.908857 24.942437 13.563237 17.491702 35.684487 8.468076 17.459314 31.487269 30.994791 15.482958 12.704778 32.664443 16.559616 10.548833 23.097310 32.207494 2.492549 27.774231 40.430477 24.173882 32.729167 22.457195 22.652277 13.785671 33.428185 24.212156 14.976495 21.682765 28.491768 9.127110 8.716180 24.152957 4.169442 34.661564 22.788992 18.122482 9.675354 23.186350 5.647038 21.918864 19.427529 6.053743 25.682994 25.576218 11.836347 7.185759 39.013977 18.444007 28.042729 11.167667 18.088651 29.823712 11.152378 15.199049 21.129208 3.570546 36.604439 12.151365 18.298022 12.500388 19.371327 30.032075 27.927087 16.319559 26.200596 8.586779 25.462721 13.537180 8.341960 18.042883 14.586214 13.733605 40.619039 18.479377 26.891419 35.327386 14.447314
30.037292 -1.000000 16.515073 19.470532 24.620161 17.309656 16.766793 20.894507 24.334743 33.528542 9.068764 1.542854 4.520521 31.582746 49.296037 32.262907 30.596335 4.339106 22.680479 9.372251 15.146720 27.399151 44.001454 10.939448 35.552365 32.186436 37.943998 41.368117 33.932612 16.449579 23.000142 19.091934 15.533013 16.133500 9.304681 30.312695 33.788796 12.768309 19.305501 15.964591 18.807740 7.584570 15.416962 21.202123 45.658546 40.536228 35.639165 19.572687 37.019966 23.227386 36.224826 39.938662 5.638741 37.177316 22.820167 31.437267 29.502527 12.975596 33.692811 34.931040 17.344252 22.841682 16.953514 7.788594 24.295620 20.096943 8.352141 37.155701 37.899056 29.580571 11.502003 32.137759 14.904002 34.318676 43.922796 22.614314 18.714269 25.176901 37.609652 46.933896 12.627964 30.971123 18.469363 36.303120 15.073858 34.269240 29.247084 25.335154 16.982447 31.771117 23.733213 27.643802 11.111807 26.943811 27.758054 8.436556 31.997217 17.626256 11.758904 34.557928 9.839543 25.268780 2.768444 34.723099 34.645996 5.923202 33.039423 29.019155 18.215313 41.733590 37.477895 41.270691 13.128769 33.333322 21.747642 28.728527 22.821741 13.106314 40.600274 16.496789 31.836223 31.467573 8.313392 8.863930 42.649315 34.362224 17.523421 26.710343 23.006415 34.333840 3.013492 9.419970 39.627543 42.644054 19.751096 29.495277 37.383379 37.026074 8.302278 31.811125 21.336147 15.007534 39.876286 10.122176 7.616445 8.223438 33.420971 15.547772 7.292327 35.103531 11.640627 9.345073 21.729079 32.113651 29.594141 25.871419 21.586353 11.428279 22.560722 22.550666 6.871602 29.497468 17.055557 39.471759 31.933414 9.789216 31.047840 41.581852 31.944239 11.283547 26.487185 4.596995 40.607532 19.398449 23.312529 19.519003 32.654752 32.455356 26.468995 21.922818 22.636527 28.208296 20.348124 25.488992 5.744676 8.579720 21.934826 27.480301 38.366203 21.411924 16.651195 36.563858 22.663921 28.599356 16.391359 19.893276 31.586432 13.347028 22.130129 44.410619
16.038508 16.515073 -1.000000 7.352943 10.105534 14.342125 14.489929 14.495924 8.415224 18.701007 22.618816 15.387664 20.930529 22.338526 37.334597 21.543462 27.627652 13.720776 17.911811 23.154169 1.909976 34.578967 33.189822 14.879127 23.528436 17.392519 22.748355 27.502558 17.436634 25.135186 18.826487 28.070939 20.880001 3.833010 18.525839 27.889667 19.596464 23.273321 8.447587 10.118895 2.676168 8.937630 1.849619 16.762130 32.879581 26.943705 22.890295 20.588806 20.671489 9.512488 27.041104 24.930089 11.353203 27.282139 10.896031 15.259188 13.287860 16.263978 21.070687 22.381005 19.338387 27.601725 0.874972 9.786013 9.657017 12.070590 23.367518 21.797650 28.560665 15.561272 21.345620 16.957659 21.175734 17.822444 32.349962 31.545732 15.363138 31.993066 23.796927 35.701995 3.970734 14.576735 26.310861 19.962774 14.722436 25.615819 13.776196 14.978900 1.920622 18.370822 13.724629 18.705871 18.343042 18.983718 24.936238 11.834102 17.808082 5.649785 17.638116 28.239862 6.774492 26.063787 19.157629 27.431795 18.527548 21.970007 26.918803 27.913453 11.582638 26.459171 29.924976 31.002462 23.672225 20.912267 6.180970 21.432708 8.279823 6.515447 28.528878 24.450405 18.976466 19.371663 17.994364 12.070963 26.781569 17.849907 2.733931 33.757213 12.730282 18.143153 16.990395 21.543171 29.663356 27.677495 28.134583 13.533648 25.739272 21.664856 16.494368 18.355059 25.845969 24.499314 24.287954 23.136151 9.529602 12.140921 25.145846 17.492020 9.428541 26.834827 5.852262 12.586781 11.334625 21.635529 28.564982 12.394840 30.372876 15.406819 7.794903 13.324757 10.787500 18.089948 18.839456 23.123580 20.191007 17.230662 18.003956 27.808656 15.889834 23.522083 23.100527 13.195672 27.205127 17.486687 16.274029 10.086378 25.408056 28.572841 12.772736 21.367287 6.131284 12.840714 4.035399 22.992394 18.988254 18.608837 18.214345 15.975477 24.582596 24.344018 4.949559 20.845169 7.844285 12.321431 7.495332 24.676353 26.531893 10.920733 20.327657 30.191039
10.570733 19.470532 7.352943 -1.000000 5.420163 9.282957 9.726949 7.838038 6.856272 14.107635 27.276242 18.024038 23.958102 15.033791 30.882170 14.467838 20.797886 18.107968 11.294697 23.418534 8.973658 30.533292 26.315164 13.151434 16.925728 12.774993 25.952700 22.005733 16.918317 22.661133 12.285624 25.348513 27.483103 11.185951 17.736260 21.168775 14.324589 21.923853 1.417534 5.692400 5.745624 12.600053 9.044618 10.421171 26.754914 21.246412 28.088290 27.755932 21.756577 15.515805 19.780371 28.219755 13.837731 20.129130 17.505110 13.326794 15.623296 13.570358 26.451997 16.000531 15.090410 23.180988 8.031988 11.683461 5.216290 19.349184 24.309207 24.859274 21.334906 20.522178 20.078088 12.867597 18.363842 18.230746 25.703479 28.463482 9.782889 27.984728 28.248846 28.976552 9.611350 16.059097 32.698161 21.133520 10.858886 18.293689 10.313513 7.671930 5.433283 12.433379 6.372526 25.532395 24.383222 25.984013 18.268777 12.011010 22.410780 2.077154 23.896990 20.921649 11.575755 20.367878 21.654278 20.080220 20.503336 23.825032 19.627806 21.517134 18.934735 22.356158 22.574948 23.969244 29.317863 26.409581 4.767165 14.120051 3.963976 6.364298 22.026579 21.759128 12.695785 12.706593 17.586629 17.971539 28.742017 17.963445 9.821058 29.712886 5.378151 19.962031 20.948938 21.274144 22.552053 23.191891 25.143069 16.455279 19.027319 24.731808 22.069648 12.458221 21.524929 30.450945 26.856666 23.007804 11.886889 12.334794 17.801628 24.421043 13.825793 19.498039 11.980548 18.629525 3.988958 14.506297 22.153729 6.413865 27.330523 13.431681 13.413493 6.029775 12.632945 11.121614 14.620810 24.047841 13.401140 16.102600 23.376039 22.245939 13.545499 28.671332 16.405619 17.595106 21.383561 12.000184 23.495609 3.217739 18.063262 21.537533 7.000528 28.664242 8.151943 16.836147 6.185857 16.544457 19.828712 18.150001 11.901115 22.238948 19.002156 19.600138 3.151460 17.524632 13.405068 14.614160 3.408342 31.529002 19.366913 17.891956 27.663506 24.986849
5.935528 24.620161 10.105534 5.420163 -1.000000 13.787450 14.353811 11.028513 3.562124 8.952727 32.001144 23.218921 29.134516 13.982278 27.295314 12.389069 22.529391 22.840418 14.065847 28.834709 12.011068 34.787295 23.455475 18.489179 13.668101 7.607871 22.602978 17.453270 12.061531 27.679622 15.075528 30.251135 30.984066 13.523424 23.116429 23.098713 9.559579 27.199787 6.237297 10.859345 7.518864 17.424094 11.949637 13.687878 22.779465 16.854039 26.180853 30.417170 17.385264 15.251937 18.242593 24.843786 18.986856 18.115150 17.726088 8.144747 12.440480 18.728449 24.779244 12.400742 19.642667 27.365459 10.400360 16.880276 0.470075 20.731102 29.725088 21.462669 19.582201 18.799026 25.384391 7.526765 23.364352 13.708624 22.426731 33.194215 13.881503 32.299953 25.703380 25.813771 13.525133 12.286751 36.411854 16.832081 15.792650 17.233111 4.903314 7.508855 8.558648 8.290656 7.232864 25.639357 28.360304 26.395768 20.427692 17.412599 20.259633 7.014307 27.708069 20.955962 15.969671 23.678157 26.910731 19.656301 16.669488 29.180367 19.917778 23.960987 20.823790 17.114418 21.771098 21.511184 33.572144 24.850213 4.101887 14.572057 1.880801 11.601447 18.548635 26.728301 9.007209 9.683029 22.992535 21.997640 24.579037 13.320564 11.672710 33.980272 6.584040 16.071162 25.860999 26.672672 20.344907 18.083354 29.955897 13.566294 15.932315 21.344155 26.324488 8.267449 25.810764 34.510422 23.082449 28.408695 17.003841 17.738448 17.037445 27.532302 18.458091 18.552711 15.761775 22.570773 6.191637 12.609494 24.552155 2.713177 32.092062 18.730268 13.099832 7.906238 17.865954 8.927424 19.208811 19.518560 10.612478 21.466310 21.841342 17.745205 8.242011 33.189623 18.621152 22.314605 17.103138 15.967187 24.527844 7.357910 17.901762 22.751360 2.845218 30.911730 6.936700 14.678985 6.708451 19.151644 25.239794 23.550657 15.046615 21.705462 14.504656 23.691673 7.968990 12.115091 13.041948 11.542339 8.826312 34.724306 20.263805 20.981346 29.695582 20.245853
16.788532 17.309656 14.342125 9.282957 13.787450 -1.000000 0.702970 4.172834 16.064100 20.738616 26.315011 15.787256 21.128812 14.621334 32.727345 15.877662 14.380422 18.135190 5.392421 17.331819 15.093476 21.251841 27.099982 6.954731 19.654379 19.577024 35.212143 26.520064 25.827311 14.090895 5.843748 16.523321 29.937004 17.633288 11.338202 14.392816 20.097034 14.336145 7.951518 4.229406 14.069782 13.506160 15.318526 3.902325 29.671335 25.482808 36.863481 31.813356 30.932046 23.730350 19.074572 37.477956 12.788354 20.178195 25.236964 21.913201 24.896600 5.936570 35.129117 19.472869 5.869072 13.902293 15.211648 11.014210 13.786667 25.826919 18.879603 34.126267 20.743217 29.339960 12.772261 20.157042 9.818621 27.335945 27.324567 19.406773 1.449265 18.708093 37.298914 30.113437 14.070548 25.329522 34.350499 30.328676 2.676712 17.064122 18.429095 9.851652 12.775303 17.507639 8.507024 32.949312 25.964342 33.093845 11.490957 8.999547 31.375180 9.465557 25.933822 17.331681 14.230366 11.724909 18.490450 17.415483 29.778319 19.535953 15.818203 13.931718 24.837582 28.699852 20.170809 24.265674 29.759882 35.024950 14.039330 11.457517 12.930414 8.491352 24.399118 13.085481 17.034178 16.073356 11.672692 20.189139 37.986757 27.010056 17.067726 20.432087 8.320763 29.231050 19.828304 14.870461 22.578543 29.043777 16.183957 25.691585 21.117397 33.998118 23.131429 17.599156 12.242113 31.362992 36.139180 16.541966 11.642654 9.154958 16.175572 27.903564 15.096916 17.832136 15.983008 20.960442 7.861523 15.618014 14.583769 13.189939 18.306720 6.783798 21.805791 7.177327 11.371618 13.888051 5.424762 33.168573 16.214081 9.680782 32.037667 26.626929 21.924352 28.339935 9.858480 17.757503 25.375839 3.178748 30.078499 6.457597 15.345181 15.873155 13.836346 33.344962 17.284068 25.898979 15.026013 9.284242 14.945807 12.053743 4.846200 30.304864 23.677644 10.354613 9.651882 24.951970 21.826263 23.883573 7.001381 34.373801 14.559709 22.100765 32.725552 29.734197
17.459158 16.766793 14.489929 9.726949 14.353811 0.702970 -1.000000 4.873913 16.544990 21.408375 25.793334 15.251926 20.532379 15.276702 33.396862 16.566963 14.646760 17.716112 5.913800 16.634796 15.157836 20.819132 27.749566 6.299656 20.352487 20.239419 35.610053 27.222966 26.374475 13.449102 6.283704 15.918175 29.609323 17.692379 10.644847 14.614916 20.784491 13.639880 8.427233 4.444875 14.342587 13.207277 15.391992 4.440857 30.362956 26.185741 37.120988 31.594098 31.431459 23.928141 19.698267 37.874272 12.365009 20.822856 25.371877 22.490251 25.310656 5.234558 35.370817 20.175374 5.366266 13.508643 15.363031 10.656411 14.338797 25.832709 18.193853 34.530667 21.364483 29.614723 12.070270 20.804229 9.163615 27.851303 27.995183 18.850851 1.950756 18.263290 37.616112 30.768194 14.023561 25.785856 33.957219 30.821845 1.982690 17.677825 19.032027 10.551778 12.980515 18.201156 9.198486 33.026646 25.594767 33.137835 11.746650 8.520514 31.676899 9.781608 25.594390 17.821545 14.044997 11.636285 17.889427 17.960122 30.230104 18.883809 16.305014 14.041382 24.796662 29.385739 20.713898 24.906463 29.305672 35.256292 14.462711 12.055487 13.441910 8.469437 25.087588 12.453471 17.734193 16.776315 10.991528 19.897896 38.460930 27.536718 17.203575 19.997206 8.993834 29.688717 19.327210 14.171208 23.215132 29.738099 15.602467 26.080205 21.805994 34.401953 22.742805 18.291973 11.823073 30.931993 36.576045 15.840781 11.300469 8.658842 16.778385 27.656070 14.796865 18.423394 15.868573 20.670926 8.492345 16.303383 14.690296 13.825613 17.741740 6.107478 22.033821 7.866302 10.961499 14.591000 4.903431 33.682965 16.915973 8.992462 32.280801 27.329897 22.518098 27.845991 10.170639 17.350524 26.078343 3.237836 30.078183 7.002739 15.901816 16.206965 14.474707 33.169409 17.650631 26.230613 15.350830 9.507606 14.287101 11.365872 5.249542 30.464996 24.379657 10.017051 9.897111 25.602334 22.058039 24.294442 7.265594 34.059282 14.983339 21.939370 32.582655 30.436990
13.026108 20.894507 14.495924 7.838038 11.028513 4.172834 4.873913 -1.000000 13.909009 16.959395 29.752600 19.353211 24.921614 10.705146 28.684220 11.747183 13.134243 21.157514 3.468584 21.500747 15.703002 23.848287 23.172912 11.030434 15.485880 15.872545 33.358279 22.368787 23.004400 17.881993 4.448850 20.101473 32.394990 18.181078 15.501008 13.426516 16.147679 18.435031 6.437405 5.466742 13.456728 16.062017 15.866229 2.685404 25.524092 21.321819 35.906469 33.683930 28.413718 23.298139 15.335191 35.620143 15.922482 16.299884 25.164576 18.902034 23.034216 10.108281 34.284749 15.304783 9.253132 16.430324 15.303920 13.917409 11.147731 26.507955 23.019756 32.236744 17.009032 28.341746 16.918294 16.584990 13.712716 24.732580 23.280060 22.695198 3.402485 21.405094 35.958746 26.152436 15.342478 23.167806 37.121058 27.858877 6.846807 13.407308 15.253916 5.785176 12.665303 13.499693 4.616894 33.128220 28.665935 33.468633 10.491299 12.458990 30.182639 8.922850 28.483526 14.508354 16.213224 12.743776 22.312631 14.220910 27.601759 23.558253 13.052133 13.680135 25.799978 24.748276 16.947826 20.396730 32.857879 34.246332 12.391638 8.020492 10.662517 10.011919 20.266810 16.833976 12.943491 11.920927 15.804792 22.562856 35.601764 24.327559 17.181610 23.050954 4.718200 27.018673 23.209412 19.042569 18.740475 25.008164 19.639945 23.991663 16.986117 32.113314 25.952425 13.599081 14.949702 34.338269 34.018138 20.714648 14.455659 12.673382 12.602943 29.958346 17.614327 14.317597 17.542746 23.313886 4.845407 11.508849 14.318075 9.823626 21.654101 10.913676 21.222203 3.391978 14.485924 9.730398 8.907363 30.529783 12.042697 13.833426 31.211564 22.468955 18.781214 31.637410 8.637168 20.728609 21.207491 5.108490 30.741668 4.628438 12.107141 14.127851 10.428655 34.965829 15.910737 24.576171 14.022658 8.706908 19.000835 16.203435 4.123101 30.011636 19.548992 12.741387 9.548845 21.324294 21.218603 22.057880 7.170467 36.735370 12.266739 23.769892 34.171021 25.586577
8.515007 24.334743 8.415224 6.856272 3.562124 16.064100 16.544990 13.909009 -1.000000 10.477685 30.993632 23.045331 28.840387 17.518248 29.934316 15.804292 25.941291 21.982678 17.150469 29.621688 10.269772 37.298738 26.492029 19.757162 16.691663 9.227340 19.451452 19.483525 10.205596 29.485003 18.168177 32.195965 28.902941 11.227593 24.194212 26.475191 11.667830 28.571155 8.118017 12.528673 5.766647 16.833720 10.128612 16.594192 25.213876 19.057972 22.656748 27.841052 14.901206 11.841778 21.691654 21.712052 18.819151 21.471180 14.392583 7.114929 9.147306 20.358806 21.231405 15.296170 21.910690 29.910908 8.427049 16.865320 3.190149 17.718254 30.262249 18.328115 22.981999 15.245109 26.689501 8.630835 25.199134 11.385753 25.287106 35.319268 16.409297 34.766028 22.290060 28.694232 12.277260 9.303241 34.427838 14.281878 17.714263 20.751241 5.406819 11.018523 7.406422 11.056328 10.582346 22.209616 26.667971 23.025770 23.741015 17.979812 16.752505 7.582485 25.894382 24.517995 14.983473 26.652509 26.818440 23.211150 13.755212 29.356474 23.474096 27.221721 18.018935 18.050205 25.296548 24.711740 32.056113 21.295686 2.622096 18.104910 3.246511 11.919493 21.361207 28.597316 11.998186 12.919853 23.928303 20.467647 21.922879 11.145210 9.257414 36.481622 9.820967 13.192175 25.176413 27.629390 23.630838 19.306545 31.998654 10.180595 18.975341 18.204923 24.903982 11.001117 28.286353 32.814151 20.155142 29.339176 16.842261 18.311980 20.580635 25.244977 17.608519 22.076102 14.267044 20.957196 9.121387 16.054915 27.827322 6.215709 34.186781 20.097332 9.722670 11.064351 17.892793 12.390060 21.447693 17.194564 13.893207 22.623343 18.282883 19.822014 7.614910 31.936930 21.909064 21.453414 19.401072 18.587405 21.341370 9.679177 21.463822 26.242147 6.201513 28.128713 3.640607 11.148823 4.425912 22.339447 25.759867 24.517661 18.017631 18.193406 16.675290 26.284472 8.212769 12.445567 9.654014 8.194303 9.987015 32.408501 23.781336 18.807929 26.828542 21.997971
3.950472 33.528542 18.701007 14.107635 8.952727 20.738616 21.408375 16.959395 10.477685 -1.000000 40.935872 32.105386 38.033714 13.307545 20.042420 10.451026 24.610530 31.784841 18.869503 37.155255 20.600882 40.231946 17.683963 26.556399 8.750701 1.345151 22.790820 9.079729 9.988073 34.790639 19.718400 37.060826 39.377611 21.704371 31.257792 25.424488 2.131779 34.939195 14.540852 18.887263 16.027398 26.376821 20.491166 19.165081 15.098245 8.805272 28.769776 38.218412 15.681250 21.211174 15.609472 24.743935 27.889995 14.629442 23.904517 6.545962 14.859220 26.373130 27.860133 7.125469 26.212232 32.944150 18.826508 25.759179 9.321346 27.785287 38.231206 21.680521 16.316370 22.427033 33.239149 2.009246 30.550608 12.366107 15.991020 39.588272 20.325584 37.929023 27.212115 19.338251 22.352638 13.497269 44.893630 15.448314 23.177090 15.660399 5.150679 11.332568 17.356693 4.265676 12.344022 31.093267 37.042594 32.161855 23.403690 26.047379 23.023339 15.902810 36.312127 20.553329 24.880579 28.067357 35.758737 18.700434 16.604870 37.906719 20.090357 26.995240 28.297989 8.259184 19.845597 16.672646 42.355174 28.102266 12.524556 16.117232 10.811252 20.447265 12.132538 33.758845 5.547030 7.287667 31.266510 30.752531 22.551268 11.668558 19.734911 39.472279 12.418424 15.984941 34.813545 34.869258 16.124801 9.131417 36.590110 16.228284 10.758453 21.596624 35.138024 4.125412 31.629314 43.198232 22.226124 36.606168 25.915480 26.364077 16.019748 35.716271 27.397317 16.908130 24.507542 31.285253 13.043152 10.925519 27.463921 7.888798 38.572833 26.686474 19.327824 13.620855 26.725791 8.744644 25.859589 16.957078 8.127407 29.565199 25.403573 9.443519 5.648845 42.072076 21.919851 31.258147 9.248916 22.002176 31.052218 15.014443 17.704639 24.001101 7.238922 38.358097 13.878435 18.315353 14.849056 22.941685 33.798909 31.787258 20.148560 26.657144 6.468438 29.299119 16.894222 4.597723 19.230329 14.448202 17.397956 42.870018 21.344381 29.284325 36.980924 11.523016
37.741337 9.068764 22.618816 27.276242 32.001144 26.315011 25.793334 29.752600 30.993632 40.935872 -1.000000 10.551920 6.649373 40.372656 57.805342 40.843542 39.634477 9.178172 31.701300 15.460946 20.858750 34.631903 52.696566 20.000119 43.921417 39.594672 41.088573 49.262923 39.665478 24.049287 32.048420 26.269502 10.419672 20.820075 17.807475 39.327674 41.478416 20.148468 27.380524 24.600091 25.229897 14.676460 21.054385 30.215954 53.938923 48.521796 37.000232 15.794434 41.728747 26.594048 45.077650 42.811586 13.909031 45.950754 25.288919 37.863191 34.237763 22.002329 35.127285 43.162671 26.300678 31.083318 22.768840 16.039137 31.618040 21.262051 13.443568 40.499275 46.749660 32.335699 19.397370 39.346418 23.390386 39.585675 52.477237 29.469828 27.734420 32.679209 39.597297 55.576117 18.716886 35.980054 10.847554 41.013686 24.134096 43.159312 36.256297 33.819302 23.661439 39.708843 32.221003 27.607238 7.305236 26.480587 36.808809 17.345660 34.661406 25.270140 8.574366 43.605639 16.069733 34.097391 8.875877 43.726242 39.011061 10.402410 42.087554 37.960221 19.326290 48.946892 46.481757 50.028989 5.082812 34.668088 28.574281 37.675397 30.129866 21.084629 49.016994 24.352307 39.934787 39.754127 16.875828 11.058188 46.382234 39.772562 22.655795 34.034194 31.417713 38.824845 6.548128 16.703362 48.414714 50.046431 27.106463 33.894987 45.859406 40.378953 6.855826 39.731869 29.721471 7.146695 43.353760 16.617262 15.637490 17.168236 42.338770 12.812822 13.543557 44.037741 16.833868 10.866577 30.057427 40.732887 38.520078 33.648057 28.599026 20.474265 26.646642 31.117757 15.325613 37.894473 26.038155 44.115737 40.308456 18.607367 33.003521 49.512578 38.508076 2.557606 35.554265 9.698628 48.657543 28.466501 23.074519 27.886128 41.645673 41.513506 34.194140 18.409362 28.558279 32.108935 26.654165 34.544278 13.584540 16.985956 30.987077 28.919552 46.263363 30.085359 24.214412 43.439097 26.767550 33.479165 24.548722 13.740100 40.653202 14.820159 19.279745 52.186759
28.581671 1.542854 15.387664 18.024038 23.218921 15.787256 15.251926 19.353211 23.045331 32.105386 10.551920 -1.000000 5.934491 30.040211 47.758535 30.724110 29.178465 4.478480 21.164339 9.320418 14.119098 26.655935 42.458765 9.510273 34.025357 30.765198 37.166682 39.880936 32.751827 15.690854 21.497930 18.433768 16.412419 15.291806 8.303082 28.914636 32.330282 12.154646 17.822677 14.428075 17.594960 6.466247 14.399308 19.683264 44.135387 39.040381 35.173424 20.156726 35.990810 22.520091 34.684617 39.197690 4.244653 35.634680 22.279336 30.157587 28.503431 11.589006 33.227002 33.415136 16.004154 21.804874 15.875615 6.346220 22.903895 19.835753 8.659637 36.348978 36.358825 28.918721 10.726905 30.743231 13.823533 33.210108 42.383804 22.012111 17.197210 24.368423 37.027130 45.391983 11.576270 29.918680 19.652779 35.276322 13.582966 32.731318 27.886928 23.803738 15.740449 30.286249 22.202309 27.482130 11.997190 26.863154 26.328026 6.894617 31.333361 16.211687 12.518815 33.055780 8.845968 23.984522 3.785074 33.202562 33.682160 6.660029 31.537508 27.670455 18.005297 40.325059 35.957757 39.727954 14.441909 32.886959 20.444065 27.196152 21.437126 11.662709 39.068860 15.648600 30.334449 29.948621 7.305131 8.906154 41.757854 33.230714 16.568651 25.945108 21.481995 33.350749 4.248803 8.958704 38.085187 41.211284 19.031128 28.552757 35.849030 36.218400 9.095829 30.328089 20.253232 16.267668 39.036116 9.901132 6.234693 6.684200 31.885520 16.072666 6.444430 33.570121 10.820368 9.482267 20.213403 30.573323 28.253467 24.413300 20.949597 10.022892 21.731883 21.015002 5.395775 27.970568 15.697317 38.444605 30.407186 8.589013 30.511986 40.090914 30.642389 12.703287 25.029404 4.564824 39.105451 17.923772 23.241421 18.002016 31.130925 31.014109 25.016384 22.422393 21.480544 27.359705 19.142771 24.054153 5.296933 7.651867 20.435585 27.065283 36.880572 20.209849 15.255048 35.207173 21.830704 27.581279 14.905387 20.837383 30.105724 13.231865 22.518353 42.934126
34.515947 4.520521 20.930529 23.958102 29.134516 21.128812 20.532379 24.921614 28.840387 38.033714 6.649373 5.934491 -1.000000 35.625123 53.499427 36.461970 33.687220 7.755575 26.408776 8.859091 19.480869 28.001005 48.092227 14.372012 39.849291 36.692627 41.865003 45.798272 38.366095 17.404786 26.623479 19.629784 15.778485 20.254686 11.469885 33.307773 38.264115 13.501712 23.747913 20.220007 23.278542 12.041671 19.739960 24.961905 49.972305 44.947140 39.017047 20.622631 41.296081 27.101725 40.184763 43.795688 10.147849 41.217366 26.424738 35.936614 33.755322 16.170850 37.080895 39.281423 20.241903 24.507449 21.325640 12.277211 28.812630 23.217492 6.958629 41.124843 41.856725 33.343555 12.812229 36.654509 16.948927 38.685491 48.109287 22.871586 22.478306 26.030985 41.198694 51.058402 16.999391 35.282741 17.343063 40.577374 18.706350 38.188834 33.767579 29.612492 21.471732 36.207084 28.016109 30.453279 11.656316 29.580823 30.929892 12.582162 35.752145 22.134540 12.667549 38.125759 14.187698 27.811789 2.651883 38.439468 38.844531 3.855949 36.610807 31.796222 21.270092 46.246130 41.183528 45.314277 11.600833 36.685804 26.259048 32.584745 27.340132 17.595741 44.865298 17.729248 36.233801 35.807073 10.603637 11.826233 46.734582 38.751531 21.768069 27.395342 27.327408 38.557538 4.597988 10.064996 43.648057 47.143305 20.459258 33.677581 41.626454 40.997010 9.504794 36.250503 23.193925 13.655611 43.890436 9.987595 12.131584 12.326469 37.304354 16.928358 11.564990 38.955619 15.792386 12.078967 26.088430 36.288985 32.330954 30.347391 21.978845 14.748459 26.617651 26.798243 11.329640 33.799136 20.032945 43.742467 36.237093 12.494916 34.582171 46.004006 36.452698 9.198888 29.815610 8.198485 45.002129 22.883206 25.978574 23.875781 36.407888 35.657365 30.950864 23.157612 27.061335 32.266975 24.812231 28.702988 7.132509 10.619642 25.545695 30.812573 42.799805 23.696227 21.166172 41.084141 26.726317 32.876429 20.829453 19.717877 35.021001 16.355190 23.676189 48.860284
10.808966 31.582746 22.338526 15.033791 13.982278 14.621334 15.276702 10.705146 17.518248 13.307545 40.372656 30.040211 35.625123 -1.000000 18.162976 2.970519 11.642402 31.593501 9.877928 31.703233 24.006793 29.113047 12.484049 21.574442 6.670425 12.998362 35.131529 14.164634 22.705570 26.509221 10.164814 28.045052 42.206801 26.156851 25.807501 12.539602 11.413148 28.008274 14.181377 15.798413 20.322758 26.281398 24.071895 11.083513 15.595837 12.959712 39.827226 42.775654 28.556573 29.180416 4.811884 37.245592 26.479740 5.595748 31.571573 18.585419 25.704896 20.329238 38.548014 7.513944 18.016359 22.414413 22.948731 24.398330 14.400745 34.114760 33.394129 33.984398 6.446695 32.625959 26.765794 14.274545 22.864647 24.976633 12.780714 29.739102 13.411943 27.136603 38.944955 15.492159 24.460426 24.986174 47.207074 28.211912 17.232290 3.301109 15.184698 7.364060 20.433291 9.099695 8.737318 39.558398 38.766008 40.243688 11.116919 23.146924 33.881141 16.977921 38.442389 7.393174 25.971693 16.600991 33.011680 5.779541 28.890626 34.157252 6.788955 14.450603 33.872234 18.597921 7.795942 9.691992 43.256645 38.660340 17.612334 4.011328 15.086540 19.854112 10.304302 25.417884 7.769117 6.036487 26.233542 32.461758 35.649304 24.351466 24.625288 28.441035 9.712642 28.256178 33.824610 29.206765 8.046792 18.105833 27.311583 26.977186 7.169346 33.882726 36.187780 9.239379 21.533150 44.630345 34.977440 30.793596 24.877660 23.369056 3.074645 39.354558 27.761432 4.588577 26.815670 33.176156 11.168903 2.467676 14.811227 11.303232 28.915933 21.373435 27.014532 9.522264 25.053169 5.304652 17.873161 30.087085 5.189051 24.206030 35.689728 14.099674 17.962861 42.177283 10.136034 31.136947 12.593119 13.847518 38.126091 13.004095 4.420032 10.758863 11.383610 43.692583 20.873630 28.433238 20.100412 11.495983 29.563756 26.571434 11.114578 35.686400 12.063567 19.154747 17.967313 17.727370 26.964694 24.950357 16.458721 46.386193 8.126438 32.875966 42.665091 17.248621
21.470166 49.296037 37.334597 30.882170 27.295314 32.727345 33.396862 28.684220 29.934316 20.042420 57.805342 47.758535 53.499427 18.162976 -1.000000 17.039008 26.204997 48.758084 28.011910 49.864398 39.217670 44.909718 6.160083 39.677606 13.958713 21.031778 40.901561 11.425716 28.724233 44.285621 28.206888 45.488870 58.174779 40.817791 43.967580 27.156799 18.386581 46.070054 30.536503 33.331654 34.805157 43.273582 39.184046 29.246085 5.095965 11.325972 47.976201 57.688071 33.353733 41.223463 14.333594 42.449163 43.936910 12.830668 43.907932 26.338762 34.652955 38.489467 47.321788 14.963766 36.037047 39.184280 37.684816 41.780377 27.759269 47.615806 51.552550 39.920461 12.883950 42.226761 44.892708 22.049528 40.874199 30.962011 5.404525 46.644636 31.560293 43.392705 45.883551 3.291705 40.395603 33.062741 63.508683 33.408157 35.365929 16.402586 25.024326 23.994789 35.640053 19.009499 25.596610 51.121500 55.254530 52.203459 27.272682 40.924497 42.527306 32.958368 54.725832 19.405689 42.454657 32.995694 50.926092 17.819009 35.243840 52.239156 20.421683 29.543741 47.949030 16.739800 15.961470 9.077487 60.176344 47.626564 31.381209 21.839126 29.067273 36.772566 8.856274 43.203034 18.362407 18.176446 44.378462 48.839623 38.717390 30.234007 38.946510 44.375258 26.387630 34.693641 51.301952 47.367100 10.760266 14.877607 44.650263 36.007684 11.946260 39.868578 52.942092 19.040017 38.663675 61.333092 39.572615 48.944763 42.167854 41.174235 17.433176 54.814617 44.615416 16.244047 42.737425 49.481497 27.757421 17.213859 29.597581 24.949442 45.979462 39.503759 39.287434 26.747991 42.552010 19.922262 35.933757 33.601916 17.532443 42.357896 45.108981 10.997470 25.388412 59.398894 27.064488 48.265815 10.814130 31.972394 51.036190 29.919413 19.125122 24.210766 24.562966 58.060905 33.538328 38.224589 33.957424 28.527459 47.666703 44.726385 29.205571 46.653713 13.583633 36.398041 34.033606 21.274202 39.195305 34.358356 33.287945 62.004753 22.651462 48.250738 56.759493 10.843962
8.327211 32.262907 21.543462 14.467838 12.389069 15.877662 16.566963 11.747183 15.804292 10.451026 40.843542 30.724110 36.461970 2.970519 17.039008 -1.000000 14.604262 31.874423 11.729523 33.186598 23.315606 31.811837 11.929272 22.777547 4.045211 10.252273 32.636701 11.524301 20.058421 28.582330 12.209211 30.297519 41.936718 25.294077 27.210188 15.493726 8.497727 29.787966 13.863351 16.302069 19.307914 26.439648 23.344191 12.721370 13.800354 10.346156 37.675916 42.124764 25.890632 27.624589 5.902733 34.711469 26.946175 5.768873 30.115109 16.029273 23.494409 21.763835 36.479089 4.615673 19.938538 24.956372 22.068381 24.804481 12.840244 32.982510 34.756184 31.495760 7.193241 30.628823 28.423505 11.559533 24.751774 22.369370 11.659984 32.183387 14.831919 29.762756 36.622251 14.739362 24.071030 22.631969 47.091760 25.577745 18.549602 5.339020 12.812594 7.058512 19.689156 6.334716 8.639656 38.006462 38.709319 38.783275 13.954792 23.885548 31.744552 16.513848 38.291370 10.106437 25.851543 19.302733 33.894102 8.295865 26.385345 35.281107 9.668129 17.358940 32.902495 15.672758 9.795558 9.501406 43.425941 36.622655 16.294420 6.622609 13.758463 19.931707 8.521921 27.492843 4.977078 3.317449 27.544877 32.327820 32.916817 21.722544 23.628775 31.120358 9.501479 25.751135 34.318398 30.708656 8.119939 15.254668 29.616304 24.802849 5.240262 31.398462 36.252533 6.470626 23.970373 44.692440 32.364301 32.348996 25.220373 24.136014 5.582329 38.876971 27.846949 6.653507 26.441384 33.012273 10.931802 0.503163 17.738259 9.679917 31.314376 22.652932 25.481138 9.731097 25.548530 3.496261 19.738525 27.336163 2.352522 25.558374 33.696775 11.506957 15.346786 42.515086 12.837101 31.394700 10.057225 15.637201 36.873074 13.014438 7.273812 13.718377 9.606683 42.875267 19.320014 26.410652 18.873254 14.130839 30.740742 27.931405 13.044587 33.976559 9.225473 21.577339 17.560925 14.804063 25.420362 22.800117 16.452050 45.996162 11.093433 32.329078 41.761394 14.686771
21.493121 30.596335 27.627652 20.797886 22.529391 14.380422 14.646760 13.134243 25.941291 24.610530 39.634477 29.178465 33.687220 11.642402 26.204997 14.604262 -1.000000 32.182911 9.731161 27.264468 28.781239 18.713818 20.060564 19.668192 18.142242 24.073620 45.032024 25.438867 33.291798 19.686412 8.871392 20.138661 44.236294 31.283073 22.342940 0.973775 22.873275 22.512806 19.451457 18.031116 26.516444 27.853972 28.957828 10.999701 25.347939 24.222803 48.519813 46.186495 39.095325 36.311737 12.531628 47.243877 26.859982 14.301285 38.264660 29.042312 34.968437 17.632218 46.995608 19.139130 13.453626 13.336255 28.438092 25.275370 22.813622 39.608500 29.368331 43.883394 13.587417 41.002853 21.992226 25.244833 17.475358 35.402733 21.509611 20.698011 12.989553 17.218370 48.221237 22.974624 28.183983 34.687723 48.448716 38.659012 15.845958 10.863457 25.362307 15.082266 25.798734 20.345719 15.360570 46.251342 40.161573 46.602850 2.903434 22.910629 42.663347 22.049178 40.210571 6.799517 28.590510 7.211561 31.076260 8.507193 38.935016 31.114220 5.918328 3.339001 38.826097 30.220231 10.304036 17.235069 43.563632 47.002209 24.991639 8.533296 22.840057 22.642365 20.542894 18.701482 19.108170 17.384105 23.127559 34.544656 46.322437 34.852425 30.315746 18.170536 16.166160 38.313050 33.405493 24.905414 15.682499 29.639969 19.180688 36.088544 17.999992 43.769456 37.272672 20.485725 13.220589 45.292588 45.263328 26.101236 25.931367 22.984169 9.950863 42.283841 29.443344 10.400077 30.239782 35.317671 17.131615 14.101429 3.440522 20.334022 20.167202 19.168073 34.197488 15.036547 25.499634 15.929644 13.654753 40.872559 16.685813 21.192784 43.961528 25.306270 28.588708 41.875409 4.582470 31.853861 23.759655 11.506752 43.851759 17.673247 7.896035 2.225986 20.704419 47.671650 28.558214 37.036695 26.936700 5.176038 26.680263 23.204829 9.660531 43.035273 23.614925 11.321982 22.678591 29.153061 34.184263 34.069860 20.227273 48.696231 3.778780 36.419627 46.992412 28.337448
