n_nodos R alpha CityArea
100 250 0 2323
ID_Nodo Costo_C Demanda_D Potencia_f Rango_s Es_Remoto_T
0 1963435 1732 1934 61 0
1 2919870 2630 2044 22 0
2 1680992 1399 1654 38 0
3 1977026 849 1267 66 0
4 612882 3462 2862 36 0
5 244175 4269 3580 25 0
6 1058179 1922 2240 63 0
7 370525 567 838 68 1
8 1877491 1538 2017 56 0
9 143500 1183 1304 34 0
10 3215834 4022 3058 70 0
11 167021 847 1670 77 0
12 1416025 1036 1934 54 0
13 1361106 2916 2533 77 0
14 2609568 4466 2735 53 0
15 1629748 3109 2464 68 0
16 2328853 2873 1975 41 0
17 1201176 730 1613 60 1
18 2765974 1001 1835 43 0
19 2704154 1857 1893 35 0
20 2648184 1265 1350 68 0
21 2927599 4828 3415 78 0
22 2999132 3917 2806 44 0
23 2629399 4195 2613 56 0
24 3127831 3455 2842 75 0
25 1508159 4210 2720 61 0
26 291446 2892 2231 20 0
27 2979505 3163 3063 24 0
28 2728353 1655 1794 78 0
29 1046566 3335 2580 53 0
30 1830910 3893 2699 75 0
31 1958365 3161 2423 35 0
32 2807965 3768 2452 55 0
33 2665615 604 1473 29 1
34 3153144 419 924 72 1
35 883232 4006 3344 30 0
36 3222845 3155 2110 40 0
37 882910 3556 2716 68 0
38 1992485 4123 2915 22 0
39 2313797 2147 1976 23 0
40 3048120 3397 2817 75 0
41 1650238 2245 1743 32 0
42 1518176 1031 1824 25 0
43 2511494 3917 3403 34 0
44 1243895 1304 1999 50 0
45 2283915 4971 3343 24 0
46 1295648 4876 3005 49 0
47 1813350 4691 3609 35 0
48 422924 63 1008 27 1
49 1811751 3727 2767 32 0
50 941815 801 1740 45 1
51 1812352 1632 1550 58 0
52 2334894 2785 2072 71 0
53 3417436 1106 1604 43 0
54 1834421 3843 3223 43 0
55 2185975 856 1001 79 0
56 3001989 460 913 61 1
57 1958157 3334 3139 59 0
58 2560098 4086 3460 60 0
59 576505 3189 2577 56 0
60 560714 2040 2223 63 0
61 1822990 1587 2129 76 0
62 2738874 2620 2205 56 0
63 3312146 2464 2060 38 0
64 1721266 2192 2001 58 0
65 2934584 562 1316 60 1
66 1453431 1115 1305 23 0
67 3420084 3140 2108 50 0
68 1891581 107 751 52 1
69 2433670 927 1348 52 0
70 1087142 2183 1810 29 0
71 2336399 722 909 78 1
72 1018806 4227 3468 76 0
73 1307585 2992 2000 79 0
74 458708 2364 2490 61 0
75 3330869 3607 2305 66 0
76 1425729 1324 1425 41 0
77 3391693 84 1537 48 1
78 2084557 2900 2746 36 0
79 2172434 1081 1360 77 0
80 3450005 1019 1303 78 0
81 2841022 3760 2882 25 0
82 1890687 2080 1622 78 0
83 1649592 108 981 48 1
84 2073185 4858 3021 66 0
85 2334025 2762 2549 27 0
86 1083298 441 1043 61 1
87 619504 3564 3184 43 0
88 1771142 4890 3291 66 0
89 2121077 112 940 65 1
90 850329 2426 2533 65 0
91 2894391 1813 1866 25 0
92 2509901 1460 1427 47 0
93 1238223 4669 3084 57 0
94 1249102 4240 3150 40 0
95 2785928 2180 2294 20 0
96 828291 792 1492 24 1
97 2749768 1080 1433 44 0
98 1337879 3838 2756 37 0
99 1341543 1764 2210 28 0
Matriz_Distancias
-1.000000 32.948199 17.051127 15.674082 31.564559 39.490585 34.748835 47.725533 28.179293 16.738641 8.472408 39.691751 27.374769 28.952477 11.066671 33.770239 18.995372 5.028854 41.969396 15.500707 41.051623 4.937534 44.189985 39.044793 22.766415 36.913952 13.820139 46.945328 20.681510 3.652529 22.397138 22.938748 18.192521 18.399161 22.487605 44.426355 28.838683 43.260026 31.314939 40.432849 38.607909 32.863296 40.456460 31.532387 30.099820 21.894765 39.629606 9.220342 37.843266 31.662690 33.291838 33.410930 22.556051 27.646185 11.194383 13.757837 9.564663 43.865505 33.553817 40.568233 10.517691 32.513196 7.980555 20.047954 27.472779 55.320876 44.294884 36.854421 17.906790 33.936234 44.442296 30.264657 32.574548 44.016629 39.336401 30.409092 23.967393 10.770330 28.841276 37.089986 49.452518 11.727666 29.904446 38.297258 28.506383 38.252705 37.225448 32.781670 38.595127 42.069051 39.391402 40.607041 27.217247 24.449679 23.912614 38.664199 41.925629 29.722800 28.652284 37.443646
32.948199 -1.000000 26.792426 21.185603 19.373870 15.171769 44.096828 33.728605 19.402497 29.749891 41.370171 50.623773 13.595769 23.174255 23.005399 10.952581 38.886417 27.939883 39.687832 17.453394 35.179800 28.888885 44.484730 9.108562 17.335387 8.969054 21.375487 23.903376 14.792873 32.330401 12.125792 11.521121 26.303173 17.385587 21.848801 21.280451 33.877801 27.897901 7.130785 38.439137 29.968029 25.538762 33.804577 17.948300 3.039334 33.246610 13.469788 33.365924 22.169839 45.416218 27.537298 20.244080 10.412538 40.088198 35.820929 34.989379 31.362309 36.900847 37.775331 19.872059 27.999728 25.988114 40.134219 30.898419 42.523355 34.456200 45.246286 34.310282 31.713638 26.649544 23.003839 8.929842 19.647256 19.438837 9.157153 28.622257 33.097565 32.870905 10.693885 8.912136 33.859101 37.288164 31.728113 5.355514 6.393270 5.897462 47.596653 3.831020 15.438335 48.870333 51.452350 11.535318 6.054298 10.431791 26.884213 27.936038 35.549468 21.185978 15.745569 29.184831
17.051127 26.792426 -1.000000 6.610743 16.457488 26.669336 21.059846 31.011699 13.105793 2.973098 22.405436 27.209945 15.298580 12.608069 9.776439 22.158925 12.138601 15.080656 25.231539 14.583630 24.008613 17.442765 28.014184 35.375813 10.111269 34.190343 19.989082 32.416540 22.462919 19.651733 22.156210 15.411944 1.210967 21.951007 6.985166 30.248292 12.664899 27.028053 29.086462 23.672075 21.691452 16.192782 23.406271 16.948985 24.970325 7.565859 27.585216 10.233808 22.332804 20.265627 16.373011 18.088644 18.274528 14.976527 11.407300 9.225210 8.486041 26.819667 17.658702 26.137756 6.535037 15.753706 19.714134 4.914459 16.635643 39.506921 28.276079 19.898321 4.949527 17.152468 29.675768 20.008381 17.405892 30.445749 35.528126 13.360035 8.685408 8.761966 17.992963 26.723654 32.889725 12.752918 13.089436 31.372215 25.649609 32.683390 24.270213 24.684943 25.508637 27.803678 27.513948 29.797976 23.188813 16.364763 6.863773 21.991565 24.878927 13.973405 15.177734 20.544104
15.674082 21.185603 6.610743 -1.000000 15.950341 24.165602 27.422425 32.703044 12.620421 9.222036 22.930828 33.689739 12.008856 14.012748 5.135023 18.773207 18.005184 11.981618 29.715718 8.112671 27.509460 14.176121 33.124876 29.369318 7.112661 27.995956 14.200485 31.299119 15.895078 17.181719 15.548425 9.674969 6.782853 15.554222 7.551710 28.817999 18.302966 27.876729 22.733124 28.155098 24.113646 18.100735 26.635885 15.862292 19.039347 14.146969 24.580236 12.564011 22.245982 26.871079 18.984833 17.816117 11.905522 21.561911 14.793773 13.805848 10.498902 30.214680 23.272808 24.913639 7.142300 17.901195 20.846615 11.497073 23.235355 39.712161 33.514179 24.017531 11.364382 19.308039 28.772907 15.772747 16.959317 28.528054 29.551723 16.967820 15.032929 11.814025 14.004453 22.754466 34.248065 16.268804 17.910551 26.116594 19.310617 27.062135 30.715120 19.652151 23.180702 33.912793 34.054610 26.122336 16.969124 10.913359 11.134598 23.732062 28.303077 14.350644 13.018558 22.938318
31.564559 19.373870 16.457488 15.950341 -1.000000 11.253828 26.274544 17.541618 3.431859 18.839836 38.292604 32.604208 7.037753 5.189185 20.958871 9.364672 26.911166 27.877074 20.322674 20.558658 15.993898 29.985527 25.115535 28.269667 9.126472 28.339515 27.575657 15.960294 25.298199 33.105600 23.295810 13.751399 15.317917 26.550145 9.550947 13.829359 16.476183 12.182278 25.212102 19.065415 10.981898 6.198802 14.672348 1.454118 19.512802 19.115476 12.840915 26.551867 6.296719 28.916720 8.228966 1.882455 17.823794 24.101791 27.862983 25.496402 24.641486 18.013453 19.322986 9.703458 21.858206 6.712800 35.841661 17.814823 27.101383 23.764903 25.888749 14.970419 19.856528 7.276009 13.236707 10.479110 1.010071 14.243891 28.243894 10.112924 17.864824 25.182041 9.045937 14.128359 18.737309 29.191130 13.681593 21.661337 22.427448 24.159116 29.689723 15.715920 9.969628 30.039959 33.678927 16.040260 19.858797 13.018817 11.776172 9.424659 16.464973 2.912772 4.415486 10.043547
39.490585 15.171769 26.669336 24.165602 11.253828 -1.000000 36.995313 19.220175 13.955986 29.354204 47.086988 43.109582 12.167587 16.436281 28.424366 6.037689 37.884472 35.068363 28.452533 25.587825 23.326476 36.809639 33.504906 22.113704 17.215123 23.183248 31.875604 8.971715 27.161794 40.223530 24.563976 17.357774 25.650507 29.250520 19.743479 6.234335 27.554850 13.662217 22.282164 27.558845 18.156491 16.263373 21.915114 10.191955 17.042224 30.280552 2.247041 36.202863 9.421594 40.024947 18.172796 10.554047 19.991785 35.318753 37.912096 35.892398 34.174812 24.291600 29.826957 5.138890 31.029227 16.952450 44.987413 28.791648 38.343366 19.441597 34.413431 24.157102 30.643696 16.825748 7.832943 9.994897 10.673964 4.837342 21.947495 20.971487 29.108123 35.050299 10.840775 6.414599 18.995244 39.321378 24.619523 14.524506 20.779827 17.553757 40.306920 11.643832 1.293321 39.868396 44.307995 5.924756 19.022217 15.921622 22.917434 15.717480 23.411982 14.162558 11.522571 17.807964
34.748835 44.096828 21.059846 27.422425 26.274544 36.995313 -1.000000 28.493345 24.977423 19.382617 36.016313 6.536507 30.533323 21.385643 30.711155 35.504736 16.610500 34.763145 14.314019 35.530746 17.985298 36.989933 12.761946 53.198350 27.243435 52.640314 40.994987 37.885209 43.262695 38.167717 42.594470 34.220413 20.656186 42.956222 22.708330 37.057531 10.219072 28.511962 48.235596 13.645400 20.867082 20.733996 18.763308 27.650483 43.184016 13.694076 38.875233 25.549833 28.267445 5.588961 18.874470 26.512408 37.956663 7.127312 24.065951 21.097692 25.350503 19.793779 7.252722 33.528218 25.906837 20.042886 32.899707 16.241200 8.386380 39.662772 12.275213 14.230933 17.517769 20.275294 35.233896 35.487457 26.571520 38.469305 53.253975 16.164061 12.401367 23.981218 33.518855 40.365561 30.906068 24.195540 12.626328 47.429814 44.887629 49.576094 3.500026 40.937900 35.716439 7.347316 7.422264 42.256746 42.222784 34.591809 17.517750 23.107566 18.681557 23.655074 28.667488 20.530085
47.725533 33.728605 31.011699 32.703044 17.541618 19.220175 28.493345 -1.000000 20.375745 32.390791 53.364798 32.827457 24.283744 18.800904 37.836417 22.882676 37.772029 44.639461 14.903085 38.080511 10.509278 46.873324 19.199569 41.306573 26.451340 42.231771 45.106844 13.548861 42.598458 49.761061 40.413498 31.120022 29.807602 44.009265 25.325896 14.674379 23.287807 5.864270 40.571582 15.054911 9.547166 14.870472 9.869923 18.333645 34.927537 29.771616 21.396672 41.048380 12.044722 33.452370 14.722842 15.749761 35.027263 30.746892 41.542869 38.584830 39.458936 9.066694 21.996685 14.105881 37.357555 15.263939 50.560986 29.938734 33.870109 11.212403 20.200424 14.730502 32.433598 13.859342 12.284520 26.041762 16.653943 16.903989 41.150997 18.230192 27.639133 39.419912 25.422105 25.509673 2.413001 42.598410 20.513346 33.739271 38.392663 36.755073 30.836695 29.931939 18.562943 27.789817 34.399502 24.871675 36.103154 30.199194 24.354249 9.061623 9.828463 18.409984 21.798739 10.604785
28.179293 19.402497 13.105793 12.620421 3.431859 13.955986 24.977423 20.375745 -1.000000 15.586918 34.860852 31.449733 5.919975 3.778057 17.684715 10.745292 23.932454 24.587763 21.018918 17.804397 17.283392 26.735415 25.521902 28.488618 6.080566 28.235724 24.836596 19.348778 23.228750 29.800463 21.462384 11.815228 11.990932 24.223641 6.151087 17.142680 14.848230 15.296834 24.535008 19.622396 12.753868 6.964606 16.088348 3.872207 19.003450 16.386596 15.245740 23.144833 9.665423 27.044036 8.690284 5.236835 16.007335 21.992358 24.510859 22.221690 21.222826 19.616552 18.406570 13.036169 18.426351 7.168284 32.413620 14.836007 24.854011 27.141958 26.203558 15.327125 16.736793 8.256122 16.648295 10.575960 4.430831 17.396010 28.509449 9.220083 15.394609 21.796639 8.708612 15.666234 21.757711 25.856996 12.416461 22.454017 21.491817 24.668963 28.458664 16.035716 12.718382 29.468839 32.393768 18.090196 18.826270 11.413895 9.043145 11.719134 17.890746 2.212756 3.702231 11.662472
16.738641 29.749891 2.973098 9.222036 18.839836 29.354204 19.382617 32.390791 15.586918 -1.000000 21.059139 25.273781 18.192560 14.569728 11.423517 25.013072 9.165548 15.650961 25.240849 16.880964 24.635162 17.966940 27.534346 38.290217 13.047408 37.059874 21.706441 34.739419 24.822962 19.721126 24.708302 18.337029 3.746661 24.095306 9.611831 32.669195 12.123105 28.786303 31.895068 23.711046 22.909803 17.799726 24.190959 19.458178 27.889239 5.697635 30.354394 8.713775 24.474178 17.975448 17.668361 20.368651 21.064795 12.851504 9.263729 6.660913 7.385910 27.452582 16.944668 28.542677 6.691461 17.279233 18.186233 3.373749 14.148567 41.373440 27.693341 20.261592 2.155327 18.621004 31.961706 22.954919 19.748845 32.982677 38.448035 14.295370 7.428200 7.043585 20.929447 29.628346 34.383550 10.477235 13.247265 34.345106 28.461951 35.643202 22.420060 27.657686 28.167672 26.403045 25.440344 32.659062 26.041098 19.319108 8.061006 23.496756 25.530325 16.197092 17.927913 21.803907
8.472408 41.370171 22.405436 22.930828 38.292604 47.086988 36.016313 53.364798 34.860852 21.059139 -1.000000 39.877902 34.920263 34.969026 18.950771 41.559049 19.405875 13.498843 45.615064 23.917553 45.589038 13.110538 47.008348 47.501773 29.990328 45.345591 22.009819 54.064631 29.038981 10.304633 30.840010 31.074965 23.616279 26.665804 28.828587 51.660914 32.331279 49.412120 39.757810 44.156681 43.938635 38.592626 45.213132 38.469437 38.546222 25.010761 47.409760 12.346515 44.445330 31.864077 38.658202 40.066077 30.962619 29.006758 12.474531 15.670388 13.921667 48.394702 36.509725 47.677030 16.435352 38.136198 3.126548 23.910951 27.891017 61.809916 46.936800 41.088399 21.443034 39.520891 51.446819 38.229307 39.289912 51.448932 47.796215 35.353828 27.276472 14.026172 36.673035 45.145653 55.283257 11.955809 34.068251 46.711286 36.976267 46.716524 37.859332 41.062416 46.111406 43.301474 39.235321 48.631122 35.679093 32.568489 29.022561 44.379259 46.492238 36.117030 35.884927 42.817375
39.691751 50.623773 27.209945 33.689739 32.604208 43.109582 6.536507 32.827457 31.449733 25.273781 39.877902 -1.000000 37.051078 27.813816 36.692594 41.895832 20.843694 40.236132 17.970779 41.770791 22.545935 42.378415 14.663151 59.727414 33.770698 59.176816 46.979891 43.336712 49.574694 43.229596 48.993494 40.732217 26.906886 49.160532 29.227303 42.736860 16.749470 33.693016 54.758787 17.801660 26.231313 26.873790 23.565855 34.003105 49.720318 19.688850 45.053622 30.490838 34.144681 8.079246 24.937025 32.725122 44.432208 12.458957 28.640267 25.937430 30.594987 23.797350 13.312060 39.391539 31.570201 26.205858 36.829745 22.315066 12.236525 44.026387 13.828246 19.542915 23.276153 26.292474 40.785648 41.985624 32.843698 44.278957 59.780774 22.502153 18.672836 29.053384 40.028672 46.726727 35.205720 28.500434 19.049898 53.902068 51.403651 56.081016 3.044735 47.440955 41.844132 5.880581 1.666405 48.500467 48.743140 41.120841 24.036044 28.605810 23.088286 30.055812 35.147085 26.072384
27.374769 13.595769 15.298580 12.008856 7.037753 12.167587 30.533323 24.283744 5.919975 18.192560 34.920263 37.051078 -1.000000 9.686400 16.324294 6.920667 27.213490 23.085311 26.829000 14.374002 22.830538 24.952225 31.407807 22.703786 5.266216 22.351026 21.228237 19.789428 18.339755 28.296437 16.271892 6.837517 14.456925 19.739280 8.968417 17.166442 20.320320 18.650930 18.630901 25.465995 17.963834 12.618849 21.557269 5.983264 13.083657 20.502647 12.614265 24.244382 12.392794 32.128152 14.484144 8.622762 10.812067 26.889783 26.137483 24.420238 22.191537 24.977048 24.189003 13.541107 18.965220 12.932706 32.850414 18.454654 29.531924 29.090173 32.103694 21.199273 19.826083 13.858687 17.499914 5.082099 7.757189 16.643557 22.744312 15.097658 19.990145 23.207851 3.025565 11.437192 25.238974 27.582441 18.133663 17.083101 15.644271 19.060529 34.031242 10.443584 11.225254 35.311995 37.912966 14.519871 13.006889 5.989140 13.601487 16.460700 23.361798 7.930821 2.633467 16.972891
28.952477 23.174255 12.608069 14.012748 5.189185 16.436281 21.385643 18.800904 3.778057 14.569728 34.969026 27.813816 9.686400 -1.000000 19.139112 14.131661 22.061578 25.869497 17.471395 20.343264 14.113829 28.129769 21.850048 32.253080 8.702587 32.013763 27.298471 20.360944 26.388553 30.966114 24.793873 15.213643 11.402553 27.160983 6.532955 18.511731 11.392463 14.444908 28.268969 16.030458 10.148454 4.100943 13.039404 6.410853 22.767606 14.096806 18.020827 22.839014 9.944451 23.779321 5.341688 6.168330 19.403185 18.917005 23.804892 21.188282 21.075013 16.632987 14.680146 14.412767 18.690472 3.999273 32.318905 13.050596 21.912355 26.900856 22.505730 11.704106 15.272998 5.350297 17.545256 14.319429 5.809931 19.183548 32.269531 5.450993 12.725376 21.327865 12.481409 19.019761 20.501837 25.046250 8.766085 26.110827 25.182260 28.391350 24.846564 19.771287 15.148946 25.703362 28.807832 21.151882 22.503514 14.975560 6.890491 9.760743 14.805552 2.324214 7.441387 8.981873
11.066671 23.005399 9.776439 5.135023 20.958871 28.424366 30.711155 37.836417 17.684715 11.423517 18.950771 36.692594 16.324294 19.139112 -1.000000 22.720400 18.719192 6.920662 34.420772 6.398456 32.477297 9.056378 37.563772 30.268811 11.920272 28.517600 10.291739 35.989075 14.064146 12.158702 14.609881 12.163302 10.470836 12.911389 12.646700 33.431227 22.366270 32.970708 22.965632 32.854520 29.217556 23.220155 31.650067 20.765089 20.418005 17.037341 28.581383 10.738523 27.251695 29.341611 24.048788 22.835955 12.740303 24.273994 13.425896 13.594615 8.934877 35.211921 27.373492 29.636227 5.984971 23.004094 17.305639 14.471382 25.396748 44.681267 37.883203 28.815834 13.478281 24.416527 33.546584 19.291292 21.963118 32.967423 30.505900 21.840120 18.420997 10.713049 17.799280 26.194988 39.367837 14.822078 22.408545 28.246612 19.720565 28.673583 33.819860 22.259470 27.536187 37.560783 36.860118 29.684149 17.833931 13.640660 15.695320 28.866353 33.288748 19.468805 17.723562 28.041158
33.770239 10.952581 22.158925 18.773207 9.364672 6.037689 35.504736 22.882676 10.745292 25.013072 41.559049 41.895832 6.920667 14.131661 22.720400 -1.000000 33.929325 29.231955 29.241849 19.578105 24.507177 30.903611 34.169239 19.328701 12.186365 19.769240 25.840483 14.788598 21.297777 34.342194 18.759106 11.342432 21.266806 23.302003 15.558820 12.022847 25.502584 17.025499 17.688918 28.097196 19.240194 15.480172 23.107894 7.927554 12.068140 26.855167 5.861014 31.138344 11.218145 37.782876 17.521969 9.745803 14.002653 32.732992 33.057174 31.320103 29.080144 26.072357 28.652442 9.474039 25.821244 16.043069 39.601438 25.006380 35.563975 25.015763 34.989594 24.166761 26.554593 16.430978 13.133217 3.971049 9.335770 10.866114 19.258413 19.398637 26.055808 30.123982 4.934100 4.920947 23.184638 34.502938 22.878413 12.370403 15.635425 15.018828 38.951533 7.121940 5.564566 39.401924 42.924789 7.646831 13.559469 9.891773 19.637597 17.097225 24.810847 11.849678 7.337991 18.550732
18.995372 38.886417 12.138601 18.005184 26.911166 37.884472 16.610500 37.772029 23.932454 9.165548 19.405875 20.843694 27.213490 22.061578 18.719192 33.929325 -1.000000 20.297170 27.329326 24.904025 28.449235 22.210247 28.001115 47.329548 22.156310 46.000589 28.374896 42.385835 32.758550 22.602480 33.043169 27.425863 12.803439 31.592160 18.373735 40.570697 14.677387 35.211334 40.714891 26.008240 28.306993 24.389194 28.442008 27.755551 36.949890 8.170064 39.064599 9.966445 31.896048 12.766454 23.613528 28.196127 29.902380 9.643590 7.829199 5.522625 10.621544 31.108379 17.896211 36.461966 12.773205 23.739091 16.289668 9.104409 8.628038 47.799262 27.829169 23.758460 7.387455 24.862784 39.558705 32.064174 27.718505 41.149259 47.499495 19.845587 10.156468 8.824604 30.021532 38.639420 39.999078 7.675798 17.264121 43.510565 37.302668 44.782890 18.587755 36.821729 36.650822 23.907352 20.439418 41.566391 34.972454 28.455372 15.183762 29.532416 29.350337 24.068072 26.694893 27.366411
5.028854 27.939883 15.080656 11.981618 27.877074 35.068363 34.763145 44.639461 24.587763 15.650961 13.498843 40.236132 23.085311 25.869497 6.920662 29.231955 20.297170 -1.000000 40.304179 10.511474 38.802126 2.362665 43.026968 34.048155 18.835633 31.948641 9.304693 42.830783 15.833975 5.243073 17.429110 18.178900 16.067007 13.687536 19.337969 40.242595 27.603604 39.858021 26.339165 38.742414 35.845350 29.912537 38.065917 27.681935 25.078379 21.262986 35.071110 10.452853 34.171084 32.410091 30.599438 29.752935 17.564257 27.849183 13.073141 14.776889 9.744566 41.580394 32.527864 36.498992 8.960030 29.648422 12.742465 19.013462 28.251175 51.601192 43.243043 34.888035 17.294897 31.071244 40.423314 25.606569 28.882043 39.692820 34.335917 28.094287 23.077491 11.478058 24.299985 32.336288 46.220226 14.065762 28.165340 33.292157 23.491204 33.224178 37.559643 27.870688 34.237076 41.937164 40.142782 35.867673 22.189396 19.695661 21.703501 35.627181 39.642846 26.328403 24.605161 34.669014
41.969396 39.687832 25.231539 29.715718 20.322674 28.452533 14.314019 14.903085 21.018918 25.240849 45.615064 17.970779 26.829000 17.471395 34.420772 29.241849 27.329326 40.304179 -1.000000 37.151732 5.253797 42.666837 5.055149 48.499161 25.998622 48.656369 43.831129 26.499250 43.736872 44.818741 42.242079 32.684790 24.242167 44.304506 22.564778 26.466054 13.300780 16.648633 45.418801 1.566606 10.297595 14.240348 6.608740 21.740139 39.770352 20.606865 30.639694 33.595997 19.034026 19.728428 12.346780 19.525178 36.872287 18.473014 33.146565 29.953528 32.574314 5.840190 9.459636 23.857094 31.628475 13.896298 42.546684 21.996866 21.213228 26.073084 5.987282 5.823505 24.331170 13.062673 24.250890 30.801145 20.056245 28.342384 48.452095 12.872011 18.350710 31.866806 29.280365 33.492340 17.259225 33.816597 12.142365 41.577023 42.472406 44.258107 16.178046 35.987712 27.326422 12.915210 19.569825 34.316581 39.824041 32.413223 18.728528 12.742111 5.481079 18.905334 24.296940 10.761816
15.500707 17.453394 14.583630 8.112671 20.558658 25.587825 35.530746 38.080511 17.804397 16.880964 23.917553 41.770791 14.374002 20.343264 6.398456 19.578105 24.904025 10.511474 37.151732 -1.000000 34.399004 11.694127 40.854334 24.097209 11.768749 22.236548 7.033977 33.936706 7.946662 15.185036 8.218649 8.235848 14.877781 7.447676 14.587388 31.231621 26.335508 32.703911 16.647412 35.612358 30.388729 24.368218 33.372773 19.932958 14.645203 22.148144 25.276740 17.105954 26.563231 34.800911 25.645295 22.395657 7.055703 29.551756 19.814884 19.929757 15.332497 36.970499 31.266855 27.835146 12.318146 24.340567 22.773723 19.497843 31.029418 43.461088 41.301991 31.355471 19.028053 25.656125 31.792220 15.724128 21.485339 30.369403 24.353175 24.280222 23.134811 17.108768 14.776016 22.145877 39.283196 21.198264 25.702310 22.798645 13.488016 22.863609 38.808188 17.417065 24.924255 42.006710 42.097158 25.683831 11.846682 9.706958 18.986358 29.520615 35.123241 19.925165 16.509176 29.247259
41.051623 35.179800 24.008613 27.509460 15.993898 23.326476 17.985298 10.509278 17.283392 24.635162 45.589038 22.545935 22.830538 14.113829 32.477297 24.507177 28.449235 38.802126 5.253797 34.399004 -1.000000 41.146034 10.274421 43.832311 22.816020 44.135849 41.289332 21.292950 40.451725 43.606464 38.744185 29.098543 22.894488 41.274391 20.028332 21.213100 13.778469 11.447805 41.203691 4.815848 5.281935 10.318890 1.417696 17.343427 35.495302 20.884949 25.534418 33.299673 13.938876 22.982060 8.773672 14.937812 33.290313 20.607959 33.286386 30.159733 32.005461 2.819311 11.623527 18.645025 30.542295 10.179063 42.613909 21.679289 23.648989 21.685489 11.228075 4.691693 24.160118 9.029694 19.006369 26.400165 15.575237 23.091339 43.765395 10.709804 18.624970 31.589136 25.039814 28.569532 12.922266 34.152893 11.547596 36.751620 38.402794 39.507918 20.406733 31.415970 22.232437 17.894591 24.072958 29.221218 35.806933 28.646690 17.168981 7.623617 0.909289 15.080993 20.220948 5.995890
4.937534 28.888885 17.442765 14.176121 29.985527 36.809639 36.989933 46.873324 26.735415 17.966940 13.110538 42.378415 24.952225 28.129769 9.056378 30.903611 22.210247 2.362665 42.666837 11.694127 41.146034 -1.000000 45.378476 34.492946 20.896162 32.283216 8.929461 44.736521 15.934175 3.491245 17.820880 19.694134 18.429183 13.561496 21.604890 42.117161 29.951630 42.025708 26.720686 41.105045 38.140526 32.187481 40.399663 29.734590 25.953901 23.549912 36.709109 12.263549 36.269733 34.498763 32.909077 31.865802 18.641589 30.032885 14.745887 16.717460 11.797909 43.920616 34.866948 38.437782 11.277272 31.936762 12.912329 21.335201 30.323396 53.660301 45.588900 37.246779 19.565554 33.357556 42.377997 27.186365 30.986140 41.488417 34.797412 30.440309 25.395128 13.447208 25.989402 33.788724 48.421971 15.599546 30.527963 34.241104 24.061958 33.973002 39.737449 29.101783 36.023003 44.192796 42.243162 37.327518 22.996139 21.206025 24.059958 37.879598 41.984093 28.522928 26.588400 36.963746
44.189985 44.484730 28.014184 33.124876 25.115535 33.504906 12.761946 19.199569 25.521902 27.534346 47.008348 14.663151 31.407807 21.850048 37.563772 34.169239 28.001115 43.026968 5.055149 40.854334 10.274421 45.378476 -1.000000 53.365512 30.116317 53.444508 47.324379 31.383520 47.762611 47.254876 46.419508 36.979313 27.148841 48.149001 26.343744 31.452706 15.433445 21.550676 50.037772 6.072242 15.348534 18.950731 11.651517 26.551717 44.439436 22.345464 35.688654 35.413851 24.084889 18.343260 16.976497 24.428569 41.135006 18.519320 34.586040 31.408894 34.647553 10.298432 10.642701 28.906530 34.149316 18.533933 43.892920 24.175529 20.749881 30.149126 1.003043 10.212724 26.293447 17.841181 29.208339 35.568100 24.914784 33.358741 53.328643 16.826125 20.223809 33.704931 33.971687 38.488077 21.449372 35.062163 15.214671 46.526248 47.012527 49.170225 13.576811 40.825185 32.374204 8.994594 16.326678 39.362978 44.341922 36.819222 21.991113 17.797032 10.395075 23.484709 28.936905 15.776935
39.044793 9.108562 35.375813 29.369318 28.269667 22.113704 53.198350 41.306573 28.488618 38.290217 47.501773 59.727414 22.703786 32.253080 30.268811 19.328701 47.329548 34.048155 48.499161 24.097209 43.832311 34.492946 53.365512 -1.000000 26.288991 2.666498 25.944214 29.891151 18.725689 37.724544 16.673637 19.965434 34.993344 21.328255 30.841613 27.589740 42.979423 35.626218 7.789680 47.300376 38.568631 34.465073 42.435227 26.824361 10.406536 42.110805 20.007895 40.956599 30.361489 54.422112 36.484312 28.976561 17.653013 49.072037 43.558074 43.085492 39.042422 45.376069 46.876805 27.201464 35.767829 34.946414 46.706075 39.690906 51.427582 40.188380 54.152592 43.239904 40.324682 35.530515 29.678534 17.950812 28.453433 25.456134 0.386334 37.703844 42.072937 40.684414 19.784614 15.807642 41.094630 44.996543 40.834522 7.617663 10.617513 4.563210 56.698353 12.559737 22.750363 57.956021 60.545048 16.881088 12.495880 19.120774 35.928252 36.408554 44.139102 30.223202 24.813878 37.863568
22.766415 17.335387 10.111269 7.112661 9.126472 17.215123 27.243435 26.451340 6.080566 13.047408 29.990328 33.770698 5.266216 8.702587 11.920272 12.186365 22.156310 18.835633 25.998622 11.768749 22.816020 20.896162 30.116317 26.288991 -1.000000 25.500036 18.789496 24.187967 17.741812 24.077216 16.303296 7.061497 9.352965 18.458440 4.573930 21.707758 17.131262 21.279468 20.994586 24.508195 18.633961 12.641565 21.725157 8.846467 16.035288 15.931948 17.828348 19.025069 15.384246 28.137033 14.044200 11.008415 11.086434 22.783046 20.875901 19.170107 16.982488 25.309924 21.585132 17.804747 13.814173 12.664787 27.798326 13.665879 25.188447 32.770128 30.684948 20.178975 14.790769 13.938298 21.677671 9.910456 10.115681 21.463085 26.388974 13.290535 15.784098 17.953831 7.882835 16.630343 27.791701 22.318501 15.558658 21.532839 17.666767 23.128395 30.726025 14.799288 16.174837 32.752806 34.465731 19.777562 14.989585 7.351580 9.745264 17.767176 23.500453 8.160790 5.907750 17.500973
36.913952 8.969054 34.190343 27.995956 28.339515 23.183248 52.640314 42.231771 28.235724 37.059874 45.345591 59.176816 22.351026 32.013763 28.517600 19.769240 46.000589 31.948641 48.656369 22.236548 44.135849 32.283216 53.444508 2.666498 25.500036 -1.000000 23.619008 31.328800 16.408868 35.457278 14.520112 18.866589 33.888700 18.965179 30.073891 28.915329 42.439768 36.468930 5.621186 47.403448 38.911111 34.494868 42.756111 26.916387 9.467777 41.132179 21.178408 39.248325 30.955744 53.600026 36.485655 29.205065 16.125506 48.224811 41.895060 41.582464 37.378058 45.815960 46.515377 28.175342 34.157619 34.933406 44.658024 38.650457 50.468348 41.749742 54.199817 43.260668 39.134187 35.614147 30.902689 17.877193 28.615473 26.849230 3.051326 37.444800 41.231467 39.065483 19.554939 16.778645 42.162705 43.316267 40.441125 9.055739 8.808435 6.101315 56.136935 12.724527 23.695174 57.658950 59.930555 18.314097 11.029242 18.191986 35.225813 36.842207 44.493369 30.087941 24.624629 38.142721
13.820139 21.375487 19.989082 14.200485 27.575657 31.875604 40.994987 45.106844 24.836596 21.706441 22.009819 46.979891 21.228237 27.298471 10.291739 25.840483 28.374896 9.304693 43.831129 7.033977 41.289332 8.929461 47.324379 25.944214 18.789496 23.619008 -1.000000 40.481310 7.219142 11.882194 9.483534 14.691525 20.565514 4.684237 21.326187 37.740983 32.400063 39.698220 18.158711 42.277837 37.384502 31.349951 40.298523 26.912052 18.341370 27.328560 31.300671 19.103468 33.524631 39.563494 32.566677 29.403060 12.053405 34.549598 21.858122 22.948462 17.863031 43.898387 37.397602 34.527668 15.742981 31.297563 21.794573 24.753857 35.559855 50.236132 47.713731 38.076615 23.735036 32.631278 38.464946 21.882660 28.493030 36.706541 26.268163 30.993867 28.669106 19.726003 21.259413 27.706933 46.284405 23.013159 32.110652 26.615339 15.844564 25.917439 44.111515 22.395247 31.334530 47.790875 47.127179 31.182705 15.321759 16.023988 25.335031 36.550499 42.032831 26.949760 23.466763 36.236744
46.945328 23.903376 32.416540 31.299119 15.960294 8.971715 37.885209 13.548861 19.348778 34.739419 54.064631 43.336712 19.789428 20.360944 35.989075 14.788598 42.385835 42.830783 26.499250 33.936706 21.292950 44.736521 31.383520 29.891151 24.187967 31.328800 40.481310 -1.000000 36.069381 48.058764 33.497537 25.810722 31.270882 38.089335 25.498277 2.766422 29.832508 9.850800 31.033402 26.064693 17.107825 18.314605 20.050554 15.612507 25.953841 34.313005 10.434079 42.492348 10.505562 41.893701 19.655953 14.370840 28.779173 37.891773 43.819583 41.399906 40.559015 21.193743 30.679132 6.390889 37.674427 19.023601 51.707946 33.411368 41.072478 10.552829 32.371839 23.804685 35.608974 18.229667 2.831893 18.743299 15.013316 4.495574 29.666190 23.262390 32.680183 41.139922 19.226115 14.992311 12.369346 45.138791 26.721136 22.328801 29.707150 25.380939 40.851419 20.533751 9.224045 39.113101 44.745495 13.027766 27.993125 24.457605 27.248643 14.782932 21.024771 18.546095 18.293048 17.356469
20.681510 14.792873 22.462919 15.895078 25.298199 27.161794 43.262695 42.598458 23.228750 24.822962 29.038981 49.574694 18.339755 26.388553 14.064146 21.297777 32.758550 15.833975 43.736872 7.946662 40.451725 15.934175 47.762611 18.725689 17.741812 16.408868 7.219142 36.069381 -1.000000 19.052805 2.712190 11.547044 22.673404 2.668912 21.474032 33.303391 33.788565 36.892300 10.942701 42.239537 35.960789 30.158152 39.297209 24.321903 11.777738 30.025540 26.202009 24.439848 30.612987 42.715371 31.713779 26.956250 7.585120 37.439052 27.206963 27.649924 22.838723 42.842122 38.622184 30.585485 20.048601 30.273179 28.566746 27.373205 38.969949 46.282937 48.286494 37.914923 26.972013 31.458581 34.388205 17.392599 26.079197 31.964011 19.050851 30.961891 30.904707 24.674029 17.392532 22.156869 43.444926 28.515032 32.835020 19.836251 8.820799 18.872515 46.589086 16.506361 26.853281 49.552546 49.949567 25.468468 8.860983 12.400459 26.293171 34.689482 41.093338 25.441100 20.901676 34.885993
3.652529 32.330401 19.651733 17.181719 33.105600 40.223530 38.167717 49.761061 29.800463 19.721126 10.304633 43.229596 28.296437 30.966114 12.158702 34.342194 22.602480 5.243073 44.818741 15.185036 43.606464 3.491245 47.254876 37.724544 24.077216 35.457278 11.882194 48.058764 19.052805 -1.000000 21.083169 23.166384 20.726684 16.566412 24.435830 45.460630 31.839603 45.050828 29.937289 43.267979 40.854340 34.976050 42.931367 32.923112 29.378935 25.082906 40.159853 12.739913 39.401300 35.223493 35.573363 34.979270 22.118366 31.092848 14.824791 17.297014 12.839942 46.404823 36.649763 41.734230 13.190265 34.682688 10.755911 23.080946 31.030750 56.839551 47.402253 39.549988 21.072309 36.108306 45.661780 30.649352 34.111747 44.877804 38.037414 32.905228 27.078012 14.209862 29.419818 37.274279 51.380469 15.380132 32.691480 37.678345 27.380118 37.345707 40.720238 32.589608 39.416125 45.463133 42.962563 40.812783 26.405514 24.680050 26.441393 40.726118 44.463469 31.506669 29.846013 39.680548
22.397138 12.125792 22.156210 15.548425 23.295810 24.563976 42.594470 40.413498 21.462384 24.708302 30.840010 48.993494 16.271892 24.793873 14.609881 18.759106 33.043169 17.429110 42.242079 8.218649 38.744185 17.820880 46.419508 16.673637 16.303296 14.520112 9.483534 33.497537 2.712190 21.083169 -1.000000 9.649561 22.222321 5.259941 20.339613 30.733743 32.880041 34.656915 8.918401 40.771683 34.107384 28.425664 37.547251 22.241371 9.098103 29.654646 23.550382 25.269170 28.386404 42.395060 30.070720 24.886005 5.480047 37.056981 27.999576 28.140312 23.535815 41.055415 37.608328 28.118629 20.533606 28.591595 30.148181 27.015079 38.782973 43.771469 46.985495 36.437147 26.862743 29.718504 31.880686 14.900815 24.027929 29.348986 16.976635 29.593828 30.344747 25.322925 15.058675 19.464380 41.175961 29.364464 31.702520 17.237828 6.361752 16.434235 45.979398 13.798999 24.296836 48.659523 49.455006 22.761822 6.155662 10.282844 25.338458 32.718657 39.351128 23.669918 18.880538 33.062098
22.938748 11.521121 15.411944 9.674969 13.751399 17.357774 34.220413 31.120022 11.815228 18.337029 31.074965 40.732217 6.837517 15.213643 12.163302 11.342432 27.425863 18.178900 32.684790 8.235848 29.098543 19.694134 36.979313 19.965434 7.061497 18.866589 14.691525 25.810722 11.547044 23.166384 9.649561 -1.000000 15.041737 12.906079 11.516755 23.082355 24.164955 25.480846 14.057643 31.236355 24.471383 18.779660 27.897838 12.800405 9.559044 22.269734 17.060467 22.028156 19.212823 34.807537 20.449720 15.424499 4.196964 29.421602 24.397167 23.471708 19.991929 31.407425 28.646133 19.841018 16.611283 18.957934 29.461969 19.785064 31.606522 35.567211 37.586077 26.904089 20.359989 20.070951 23.774138 7.509514 14.541305 22.152011 20.116189 20.198252 22.451619 21.429193 6.587711 14.161330 32.064058 25.870159 22.611650 16.464459 10.674624 17.409973 37.688581 10.156584 16.722822 39.813963 41.373167 17.689661 8.036086 1.516860 16.703649 23.146611 29.701913 14.021143 9.361199 23.418185
18.192521 26.303173 1.210967 6.782853 15.317917 25.650507 20.656186 29.807602 11.990932 3.746661 23.616279 26.906886 14.456925 11.402553 10.470836 21.266806 12.803439 16.067007 24.242167 14.877781 22.894488 18.429183 27.148841 34.993344 9.352965 33.888700 20.565514 31.270882 22.673404 20.726684 22.222321 15.041737 -1.000000 22.300250 5.916109 29.126561 11.895675 25.818330 28.877196 22.679020 20.502187 14.983402 22.267652 15.848017 24.589992 7.442534 26.619492 11.436712 21.151085 20.182567 15.181832 16.927420 18.114824 14.834770 12.549598 10.257417 9.697002 25.700964 16.903192 25.010189 7.676676 14.547496 20.922981 4.829811 16.698834 38.302829 27.440721 18.842214 5.453207 15.948279 28.521444 19.262024 16.257598 29.361441 35.134027 12.220188 8.257226 9.947717 17.223953 25.894100 31.680801 13.873828 12.113010 30.775144 25.441346 32.179546 23.933981 24.062359 24.475818 27.257263 27.281654 28.913038 22.929745 15.906422 5.727753 20.783854 23.759471 12.797937 14.195213 19.352082
18.399161 17.385587 21.951007 15.554222 26.550145 29.250520 42.956222 44.009265 24.223641 24.095306 26.665804 49.160532 19.739280 27.160983 12.911389 23.302003 31.592160 13.687536 44.304506 7.447676 41.274391 13.561496 48.149001 21.328255 18.458440 18.965179 4.684237 38.089335 2.668912 16.566412 5.259941 12.906079 22.300250 -1.000000 21.809242 35.324263 33.772404 38.386869 13.561586 42.782107 36.973330 31.058646 40.173788 25.676451 14.356091 29.496924 28.408213 22.848154 32.118201 42.068442 32.502476 28.279685 9.329119 36.874994 25.625231 26.331903 21.379592 43.750170 38.689462 32.437147 18.819063 31.114604 26.345368 26.854906 38.210668 48.178320 48.625195 38.485770 26.216993 32.359994 36.296559 19.348429 27.385007 34.077134 21.659269 31.450067 30.555588 23.239477 19.130340 24.486690 44.969717 26.875627 33.058506 22.477000 11.486030 21.541404 46.212382 18.914097 28.866062 49.454309 49.448714 27.856619 11.393294 13.966197 26.383708 35.849951 41.954389 26.420701 22.215612 35.868048
22.487605 21.848801 6.985166 7.551710 9.550947 19.743479 22.708330 25.325896 6.151087 9.611831 28.828587 29.227303 8.968417 6.532955 12.646700 15.558820 18.373735 19.337969 22.564778 14.587388 20.028332 21.604890 26.343744 30.841613 4.573930 30.073891 21.326187 25.498277 21.474032 24.435830 20.339613 11.516755 5.916109 21.809242 -1.000000 23.284029 12.665914 20.781134 25.532161 21.025019 16.571002 10.584006 19.114075 9.969963 20.608638 11.561513 20.763804 17.000980 15.618342 23.580838 11.437285 11.263667 15.366582 18.240383 18.374540 16.173015 15.096695 22.702859 17.279307 19.184439 12.411069 10.357467 26.317893 9.493136 20.717668 33.008367 26.836681 16.774983 11.012036 11.770299 22.787220 13.991647 10.525822 23.460744 30.935423 9.694585 11.249134 15.645743 11.916146 20.313087 26.983092 19.734314 11.374776 25.869975 22.179359 27.594292 26.182763 19.144788 18.562556 28.387928 29.902303 23.192752 19.515865 11.915159 5.191306 16.293448 20.803497 7.301233 8.344435 15.394731
44.426355 21.280451 30.248292 28.817999 13.829359 6.234335 37.057531 14.674379 17.142680 32.669195 51.660914 42.736860 17.166442 18.511731 33.431227 12.022847 40.570697 40.242595 26.466054 31.231621 21.213100 42.117161 31.452706 27.589740 21.707758 28.915329 37.740983 2.766422 33.303391 45.460630 30.733743 23.082355 29.126561 35.324263 23.284029 -1.000000 28.543246 10.046392 28.409899 25.875488 16.605051 16.908489 19.890480 13.323859 23.258250 32.582632 7.831044 40.230978 8.993582 40.800778 18.442383 12.385606 26.016281 36.577987 41.653381 39.325196 38.270532 21.479735 29.809310 4.129149 35.318240 17.629795 49.361480 31.524468 39.731301 13.217206 32.422481 23.219961 33.646713 17.003503 2.401078 15.979667 12.933480 2.248726 27.382096 21.890216 31.060659 38.922654 16.494921 12.388450 13.888070 42.997941 25.448623 19.985581 27.003847 23.047209 40.143524 17.845808 6.458323 38.795094 44.088147 10.720388 25.253304 21.717354 25.388810 14.163880 21.060626 16.551115 15.800067 16.667571
28.838683 33.877801 12.664899 18.302966 16.476183 27.554850 10.219072 23.287807 14.848230 12.123105 32.331279 16.749470 20.320320 11.392463 22.366270 25.502584 14.677387 27.603604 13.300780 26.335508 13.778469 29.951630 15.433445 42.979423 17.131262 42.439768 32.400063 29.832508 33.788565 31.839603 32.880041 24.164955 11.895675 33.772404 12.665914 28.543246 -1.000000 21.439284 38.114969 11.826767 14.039596 11.644513 13.777316 17.780012 32.992205 7.323949 29.283428 20.304869 19.550570 12.470108 10.178342 17.005873 28.024135 8.059331 19.876407 16.691291 19.352558 16.469075 5.007772 24.692313 18.715971 10.921858 29.276419 8.790836 11.244938 33.750284 15.641064 9.092563 11.049106 11.602950 27.039686 25.296432 16.912939 29.651438 43.034939 6.676852 5.054978 18.576524 23.313653 30.404008 25.584525 20.607895 3.111777 37.268566 34.797980 39.372633 13.719003 30.738397 26.261932 15.781525 17.594502 32.512385 32.118871 24.456334 7.544358 15.670268 14.682205 13.708514 18.513919 13.251293
