n_nodos R alpha CityArea
100 250 0 2323
ID_Nodo Costo_C Demanda_D Potencia_f Rango_s Es_Remoto_T
0 2911377 1591 2075 75 0
1 494345 2425 2101 44 0
2 1932769 988 1201 75 1
3 1054231 817 1559 76 1
4 3331688 3757 3027 34 0
5 2917583 838 1245 34 1
6 1193903 3685 2892 53 0
7 882228 1081 1312 29 0
8 3398130 4790 3893 73 0
9 1335329 2407 2080 26 0
10 3247666 2200 2068 24 0
11 1950784 1610 2180 75 0
12 3410331 475 1498 56 1
13 498051 2506 2642 78 0
14 3253679 4793 3626 61 0
15 1708521 2672 2752 23 0
16 1135518 3245 2455 34 0
17 714056 452 1612 26 1
18 3417847 2673 2659 29 0
19 2672824 652 1669 71 1
20 968011 4054 2585 34 0
21 2188183 1568 1993 58 0
22 3006055 258 1065 53 1
23 2440036 1276 1387 45 0
24 129821 2060 2503 27 0
25 616775 131 961 44 1
26 1935928 2362 1979 38 0
27 510824 1130 1765 58 0
28 1747654 3976 3256 23 0
29 3017466 1491 1334 54 0
30 2333295 1806 2010 75 0
31 376309 4741 3541 75 0
32 853202 1251 1725 31 0
33 1139311 4878 3039 57 0
34 3434981 3250 2179 56 0
35 2679857 1871 1798 28 0
36 2730032 3057 2445 28 0
37 2689983 3665 2594 24 0
38 3292903 3045 2555 27 0
39 496488 2549 2322 73 0
40 3447411 1601 2189 26 0
41 2278628 3180 2768 61 0
42 1824687 1248 1253 65 0
43 2894729 3879 2621 66 0
44 2507015 4845 3246 45 0
45 2437403 4469 3248 78 0
46 1921244 3445 2379 41 0
47 341496 1461 1240 24 0
48 850733 1717 1529 77 0
49 1535298 4935 3544 41 0
50 2909900 1596 2207 44 0
51 3382474 2678 2055 24 0
52 399510 829 1212 37 1
53 1595901 2384 1763 62 0
54 2286699 21 967 37 1
55 2225321 4367 2761 78 0
56 2010210 3722 3194 25 0
57 2805509 4722 3832 44 0
58 1311164 2355 2413 50 0
59 3411571 3244 2132 76 0
60 3426049 3610 3026 74 0
61 1044725 4861 3752 65 0
62 1069383 3550 2308 22 0
63 1013105 3459 2774 21 0
64 489115 2933 2059 59 0
65 1463231 3715 2513 50 0
66 1502986 4741 3683 49 0
67 866254 2080 1809 31 0
68 2986333 3995 2917 68 0
69 813719 3002 2702 51 0
70 2168646 2924 2947 53 0
71 940518 2453 2673 21 0
72 750641 4473 3666 30 0
73 1879484 2068 2431 46 0
74 3075098 2880 2668 31 0
75 2009379 543 933 66 1
76 2187625 4519 2839 58 0
77 1405717 1752 1668 56 0
78 1435736 1089 1847 72 0
79 2657471 4412 3161 67 0
80 2383072 99 833 70 1
81 675617 2972 2843 49 0
82 3313579 2896 2341 22 0
83 1132914 3283 2401 54 0
84 3471236 2616 2711 56 0
85 1745046 3384 2624 49 0
86 3400547 3166 2683 76 0
87 3351087 1269 1446 75 0
88 1148311 182 681 57 1
89 2226683 3541 3079 57 0
90 2009167 2678 2666 68 0
91 2225640 69 1081 36 1
92 1427011 3847 3243 77 0
93 3367712 3187 2750 36 0
94 3413258 452 954 52 1
95 427399 3511 3067 66 0
96 1784304 2172 1887 34 0
97 362899 3394 2676 71 0
98 2376443 3591 2929 77 0
99 260557 2303 1684 33 0
Matriz_Distancias
-1.000000 41.717353 11.088665 44.791405 17.950949 43.358658 48.200610 18.468456 34.799636 14.287088 14.779395 25.317609 25.729840 23.681604 38.730914 38.347201 44.029947 22.097668 46.262558 44.053498 41.377333 37.887457 55.953476 32.105530 46.876481 3.068909 19.864782 38.655697 25.575500 51.068244 33.939729 13.552356 32.371229 30.585358 44.475484 27.902622 22.889517 18.289875 22.622210 27.407993 43.028184 1.443776 21.889806 29.604891 36.132329 26.124039 23.507335 24.792311 12.543518 36.060795 48.297179 35.180277 40.217560 26.331576 36.042479 32.686174 17.200121 21.002602 42.657229 17.565777 56.445662 16.798958 32.324301 23.454049 36.461219 19.153459 27.645471 42.252881 26.590304 23.535363 36.826693 5.616481 35.564819 43.600316 20.907927 20.345697 42.761128 28.193478 39.526158 34.239703 45.671304 12.384857 39.164179 31.885791 25.605933 33.114835 45.925662 38.352716 17.203886 12.269728 11.693395 28.980514 39.524659 32.845642 16.862048 16.683595 51.995664 8.599094 14.842455 22.856578
41.717353 -1.000000 35.256266 3.560602 24.066764 12.484358 17.141565 32.327537 12.101840 34.193370 27.500101 18.552826 27.561826 19.271509 3.691081 14.782502 2.562890 21.661791 5.800037 13.619068 39.354379 8.765904 19.227862 31.757000 15.518564 43.637698 31.338457 10.953532 16.719133 19.129304 14.219765 31.362755 40.840269 13.577741 22.878881 23.761358 36.565582 30.634871 19.399788 14.559294 1.416766 41.604470 23.258271 39.507764 16.686123 18.824201 22.061123 24.872403 30.708065 7.449597 19.303151 14.948237 8.877716 26.507554 40.451239 9.234685 26.827803 23.513402 16.357639 28.425409 17.776917 31.715177 11.595974 23.616365 40.937805 23.308078 36.831197 18.096897 21.098100 35.810890 16.955262 36.376803 20.188921 31.702041 21.279986 27.525682 18.091020 37.369127 35.352890 41.363376 11.986492 29.728842 13.019370 19.939856 22.184128 31.554096 21.652587 41.139244 24.733618 40.968660 37.612484 15.542245 3.441063 26.438085 30.482784 25.746896 17.280319 33.667884 28.083811 34.090775
11.088665 35.256266 -1.000000 38.657872 14.888200 34.353060 38.706698 22.455399 31.337959 19.170104 13.451043 22.607774 27.654973 20.580524 31.837330 35.826846 37.759861 20.159648 38.926126 34.880481 30.460012 29.717296 46.983728 21.019216 37.546924 14.148457 8.790947 29.950278 18.551990 41.502014 24.920239 16.213211 22.057585 22.484321 34.050451 17.428131 12.344333 21.350258 16.093942 20.787455 36.409747 9.967301 12.690012 19.257550 26.448426 23.923843 14.244759 14.368900 5.059573 28.588922 38.490030 32.706304 31.867004 15.524935 25.444528 26.037038 8.457020 12.093885 40.279531 7.521918 47.936607 5.805529 28.169081 23.315825 25.898070 16.610222 16.973270 32.338940 16.874375 12.832014 34.987206 10.063129 34.753189 32.554300 17.448357 9.885205 40.837627 17.577452 28.467977 23.875273 36.869909 11.810849 30.042054 31.009327 25.109743 22.026415 35.692014 27.708497 11.416398 6.176338 18.620496 20.613342 32.500304 21.943604 19.650861 14.896241 42.842143 5.559370 14.605702 11.920846
44.791405 3.560602 38.657872 -1.000000 26.981068 14.703273 18.653899 34.419737 13.222293 36.582918 30.372883 20.904225 29.058552 21.862774 7.249267 14.703767 1.035170 24.136293 5.812279 15.740627 42.481612 12.046906 19.061458 35.159504 17.167650 46.608063 34.889525 14.023334 20.105898 20.241192 17.659954 33.957589 44.294426 17.135967 25.320333 27.290772 40.124819 32.807048 22.697519 17.892533 2.963214 44.736769 26.774282 43.006937 19.908396 20.955109 25.598995 28.432221 34.038000 10.998582 20.987924 15.611495 11.745927 30.049821 43.804317 12.625547 30.255080 27.003346 15.285219 31.913060 17.010980 35.225809 13.614158 25.632317 44.283910 26.091162 40.350902 20.661807 24.657846 39.367725 17.131092 39.376648 20.506663 34.510482 24.116177 31.064920 17.054765 40.882310 38.490950 44.777840 13.615050 32.657265 15.969039 20.904988 24.006119 34.921802 23.859366 44.424368 27.962291 44.425066 40.108078 19.098213 6.924304 29.801161 32.803050 28.567713 17.889009 36.878653 30.846522 37.649989
17.950949 24.066764 14.888200 26.981068 -1.000000 28.065718 33.499753 12.403801 17.125309 11.921409 3.457988 7.863387 14.213059 5.950947 21.389617 21.216989 26.271054 5.288012 29.014113 28.996402 37.340021 21.773900 40.102859 26.865729 31.937822 19.630443 17.214423 23.214785 9.586787 36.374653 19.501755 8.234428 32.230621 15.124224 32.417944 18.524340 23.458037 10.578828 6.862964 10.618014 25.426712 18.070806 11.350981 29.689245 22.791680 9.073070 12.268380 16.240471 9.910031 19.305846 34.245264 18.046887 24.179725 18.928967 34.372722 15.441221 9.540320 10.380782 25.658804 12.179042 40.008185 15.116982 14.417513 8.934593 34.905755 1.748161 26.761593 28.857826 15.257446 23.345207 20.180936 12.431551 19.869093 35.337605 2.966424 14.083890 26.089712 27.462430 34.105130 33.712506 29.949199 5.676205 24.362743 16.134847 10.435151 27.506622 33.134701 36.240168 4.644714 21.018677 14.520339 14.211512 22.244845 24.510056 9.339245 2.007310 36.541217 10.933093 4.392676 21.638480
43.358658 12.484358 34.353060 14.703273 28.065718 -1.000000 5.650234 39.124848 22.883426 39.791710 31.355824 25.701139 36.338592 25.436057 10.776767 26.664561 13.843844 27.963939 9.826581 1.194758 28.905086 6.651722 12.648864 23.511424 3.962656 45.872260 27.763248 4.854356 18.549198 8.411860 9.470257 36.270123 32.824051 13.054085 10.640390 18.297270 31.327611 37.258483 21.491164 17.547662 12.031038 42.833873 21.749281 32.206405 8.555608 26.632407 20.149964 20.735631 30.963955 9.835897 7.216778 26.064233 4.524394 21.108121 31.410215 13.964851 26.354187 22.506373 28.758118 26.834200 13.768878 29.351845 20.862602 31.266304 31.826523 28.080247 30.048359 6.182103 17.555368 30.384282 28.509014 38.801092 31.441222 20.171521 26.056574 24.800798 30.462789 30.422045 25.034436 32.873460 2.717321 33.069434 4.320516 30.265557 30.507249 22.967037 9.191559 31.565482 26.558192 38.979533 42.585878 14.432058 10.119480 18.136513 36.579845 30.054069 8.644051 34.764147 32.458301 28.998874
48.200610 17.141565 38.706698 18.653899 33.499753 5.650234 -1.000000 44.730682 28.254656 45.300441 36.731343 31.350068 41.980022 31.061420 16.074724 31.759796 17.960404 33.583174 13.029461 4.566220 28.541872 12.301642 8.983776 25.166217 1.724642 50.815488 31.466025 10.355762 23.928355 2.893686 14.343644 41.726992 34.188677 18.390147 9.027619 21.820226 34.221597 42.859429 26.813480 23.076718 16.384462 47.588702 26.359580 34.022373 12.262317 32.281150 24.738865 24.595845 35.694432 15.474363 2.479082 31.395173 10.128853 24.442168 32.130565 19.614613 31.039055 27.207317 33.481430 31.210052 11.370026 33.408167 26.407249 36.915447 32.479944 33.593580 32.234661 6.922653 21.846431 33.228090 33.736255 43.857388 36.769719 18.980990 31.591455 28.919069 35.223878 32.504313 24.972445 33.928227 5.155076 38.352090 9.190501 35.765488 36.152743 24.427696 6.715506 31.872020 31.709925 42.904010 48.010113 19.571832 15.324228 20.176357 42.147355 35.499074 4.728884 39.607736 37.886010 32.046865
18.468456 32.327537 22.455399 34.419737 12.403801 39.124848 44.730682 -1.000000 21.706325 4.208887 10.584368 13.872551 7.823613 13.722399 30.618915 23.443322 33.989150 11.179141 37.941211 40.165318 49.294216 32.530565 50.369453 38.831643 43.081243 18.154976 27.974337 34.385069 21.412565 47.536443 31.334543 6.248703 43.134313 26.750793 44.567008 30.858430 33.703535 1.889054 19.057278 21.749083 33.743165 19.468766 23.585633 40.431621 34.847518 13.509413 24.623445 28.409058 18.832151 29.590378 45.767502 20.648784 34.867474 31.020095 45.757911 25.401055 20.788120 22.566260 27.158194 23.144468 49.692231 25.232295 20.827688 8.792726 46.275111 11.603900 37.668998 40.744328 27.658789 33.839122 21.283719 13.952963 19.041304 47.732162 13.373356 25.599306 26.761287 38.356752 46.236169 44.774093 40.637494 11.050803 35.838564 15.893441 10.597618 39.551725 45.106979 47.775975 16.449717 27.503890 7.660741 26.189547 31.528076 36.844341 3.167481 10.602080 47.218416 16.928072 9.018792 32.342731
34.799636 12.101840 31.337959 13.222293 17.125309 22.883426 28.254656 21.706325 -1.000000 24.396988 20.038881 9.483916 15.854749 11.192516 12.180373 5.103513 13.032266 12.755786 17.871157 24.077478 44.830856 16.842013 31.322647 35.442460 26.541004 36.068247 30.549398 19.387044 14.900078 30.600119 19.642281 22.395063 43.426078 16.054437 31.956809 26.218223 36.709756 20.254981 16.015263 12.820061 13.396163 35.066878 22.195950 41.447010 23.326343 8.858770 21.744283 25.860202 26.295231 13.662098 30.093393 3.218737 18.431737 28.302013 44.189258 10.742309 23.856800 21.890194 9.279874 26.223864 29.815396 29.696453 3.550680 12.991735 44.721685 15.708812 38.487935 27.180860 22.594151 36.225439 5.931026 29.186551 8.568473 39.087440 14.207680 26.598456 10.299590 39.139117 40.931450 44.424673 23.247482 22.437002 21.508550 7.838628 11.113935 35.606644 31.379430 45.443111 19.923942 37.499426 28.106442 17.282847 12.954071 30.911884 20.549737 18.133221 29.152620 28.021494 20.016379 34.383452
14.287088 34.193370 19.170104 36.582918 11.921409 39.791710 45.300441 4.208887 24.396988 -1.000000 9.147971 15.684073 11.862342 14.990703 32.106539 26.711313 36.057580 12.536650 39.620475 40.765467 47.343662 33.341088 51.519461 36.973521 43.705763 13.958137 25.528964 34.964140 21.471273 48.158384 31.416241 3.871147 40.519347 26.986498 44.289456 29.605839 30.917028 4.534904 18.781354 22.244069 35.606555 15.324519 22.285845 37.766230 34.702961 15.718371 23.521430 26.916485 16.135830 30.614064 46.125962 23.757994 35.730085 29.391246 43.388960 26.512780 18.851457 21.231592 30.639342 20.956186 51.120763 22.602362 23.004525 11.475245 43.892191 11.711665 35.115811 40.779235 26.716306 31.152329 24.713271 10.025478 22.742815 46.583355 13.745269 23.622303 30.379396 35.788452 44.504481 42.225915 41.527979 8.698623 36.215367 19.379040 13.548297 37.768947 45.050487 45.491379 15.119618 23.829954 3.791181 26.132330 33.005487 35.530526 3.847319 9.920687 48.137478 13.615174 7.699476 29.775142
14.779395 27.500101 13.451043 30.372883 3.457988 31.355824 36.731343 10.584368 20.038881 9.147971 -1.000000 10.573277 14.301207 8.903119 24.847238 23.797230 29.679764 7.460749 32.471834 32.258374 38.713471 25.143357 43.487203 28.257121 35.195835 16.285181 17.554242 26.501476 12.811669 39.615629 22.591087 5.287911 32.742079 18.342465 35.224068 20.519380 23.515444 8.970384 9.931448 14.011309 28.865724 15.031660 13.196205 30.086959 25.722541 11.505316 14.386028 17.927300 8.920401 22.735592 37.387017 20.613128 27.549169 20.490244 35.233090 18.896530 10.211655 12.150688 28.188216 12.627327 43.440750 15.002111 17.564359 9.928264 35.754608 4.382531 27.257678 31.861776 17.569207 23.553660 22.505457 9.185044 21.756610 37.486440 6.259292 15.018474 28.462988 27.952232 35.692828 34.334856 33.299814 2.398349 27.560676 17.988404 11.845310 28.990914 36.071020 37.222968 6.004626 19.342356 11.315402 17.277804 25.702830 26.475775 7.419865 1.906054 39.877500 8.657686 1.567581 21.972236
25.317609 18.552826 22.607774 20.904225 7.863387 25.701139 31.350068 13.872551 9.483916 15.684073 10.573277 -1.000000 10.940878 2.062311 16.748906 13.355167 20.373822 3.329626 24.094084 26.800715 41.246888 19.049815 36.550767 31.048466 29.659255 26.608941 23.495695 21.137932 10.143238 34.080241 18.987426 13.170819 37.785727 14.384970 32.437182 21.883218 29.837687 12.120593 9.416228 9.336843 19.969140 25.604543 15.915639 35.467451 22.777009 1.585154 16.098846 20.491599 17.561776 15.952308 32.620195 10.183501 21.302448 23.203751 39.317750 11.759589 16.064954 15.258085 17.795437 18.667960 35.819932 21.978479 7.391407 5.565576 39.859173 6.307203 32.473305 28.154223 18.154423 29.544774 12.379560 19.703469 12.460485 37.436254 5.164367 19.810437 18.249711 33.163767 37.632855 39.065085 26.997353 12.968662 22.833812 8.914173 5.172904 31.474908 32.575488 40.928986 11.466614 28.774370 19.214006 14.517291 17.658312 27.526486 11.935202 8.671380 33.524115 18.785008 10.542366 27.736475
25.729840 27.561826 27.654973 29.058552 14.213059 36.338592 41.980022 7.823613 15.854749 11.862342 14.301207 10.940878 -1.000000 11.983274 26.616457 16.449767 28.807482 10.056784 33.350916 37.471965 51.178500 29.709350 46.473609 40.765961 40.268635 25.754167 31.390542 31.919282 20.753863 44.633178 29.926630 12.351586 46.443678 25.315198 43.377970 31.946703 37.567102 7.470938 19.285796 20.234978 28.936940 26.576296 25.195119 43.895127 33.707776 9.766086 25.800796 30.060015 23.217560 26.505662 43.379525 14.036886 31.858412 32.796016 48.528473 22.396380 23.736685 24.318621 19.775643 26.355146 45.319215 29.111829 16.075639 5.765923 49.064172 12.662108 40.973471 39.075685 28.346073 37.505087 14.075340 20.689840 11.461993 48.105271 13.458841 28.283835 19.206902 41.674261 47.753030 47.919617 37.401196 15.872581 33.693684 8.783855 5.853887 41.322834 43.496136 50.343739 18.857233 33.315765 15.473103 25.339430 27.507251 37.811065 8.878732 13.238317 43.786296 22.464228 13.051044 35.824864
23.681604 19.271509 20.580524 21.862774 5.950947 25.436057 31.061420 13.722399 11.192516 14.990703 8.903119 2.062311 11.983274 -1.000000 17.121471 15.304920 21.256704 2.545255 24.632975 26.495727 39.605328 18.820290 36.698852 29.330388 29.397313 25.119659 21.480994 20.744961 8.773782 33.846430 18.142377 12.106548 35.877565 13.500845 31.585166 20.251057 27.824733 11.880371 7.631219 8.384762 20.677394 23.898770 14.039354 33.527146 21.858309 3.563241 14.324202 18.704488 15.528360 15.870711 32.193052 12.151956 21.147605 21.432922 37.499765 11.688397 14.015921 13.337127 19.755512 16.627388 36.165787 19.924105 8.685171 6.276019 38.040861 4.532549 30.536321 27.455871 16.560649 27.548437 14.416237 18.086789 14.513181 36.135439 3.134350 17.834882 20.259372 31.229299 36.050799 37.186684 26.915096 11.296879 22.306867 10.934027 6.539356 29.794378 31.868023 39.154093 9.404866 26.751874 18.343044 13.378365 18.022872 25.997086 11.409512 7.002179 33.497972 16.880632 9.087516 25.747250
38.730914 3.691081 31.837330 7.249267 21.389617 10.776767 16.074724 30.618915 12.180373 32.106539 24.847238 16.748906 26.616457 17.121471 -1.000000 15.913790 6.238511 19.619168 7.624764 11.970182 36.098828 5.601606 19.894782 28.209802 14.362686 40.779319 27.682044 8.060108 13.390944 18.446279 10.670288 29.041451 37.233131 9.908387 20.535387 20.088106 32.875552 28.846790 16.198537 11.353332 4.615881 38.542323 19.674283 35.857959 13.421940 17.302893 18.436430 21.183169 27.402391 3.766446 17.954140 15.326284 6.483152 22.823313 36.948339 6.045062 23.385546 19.975334 18.307463 24.883787 19.076577 28.132450 10.604672 22.122603 37.441850 20.821593 33.163667 15.691706 17.408765 32.119833 17.733423 33.504065 20.703761 28.836013 18.748487 23.894600 19.952691 33.707161 32.094232 37.795917 11.089042 26.984552 10.230459 19.773623 20.959365 28.045302 19.616951 37.708180 21.600588 37.463569 35.372263 11.879435 0.909538 22.943486 28.514203 23.180524 17.222953 30.521799 25.572811 30.400722
38.347201 14.782502 35.826846 14.703767 21.216989 26.664561 31.759796 23.443322 5.103513 26.711313 23.797230 13.355167 16.449767 15.304920 15.913790 -1.000000 14.872228 16.337778 20.161089 27.853184 49.831259 21.090419 33.677348 40.525610 30.084547 39.323026 35.517389 23.656324 19.970191 33.880005 24.446475 25.326322 48.527827 21.064761 36.276921 31.314942 41.720139 22.286436 20.929739 17.917516 15.832076 38.752191 27.218254 46.537922 28.034415 12.291939 26.814415 30.955437 30.767288 18.072805 33.780366 3.184504 22.381867 33.404949 49.282883 15.616523 28.644599 26.870810 4.453767 31.081016 31.713674 34.534167 8.645423 15.332110 49.814619 19.645784 43.574662 31.448537 27.697133 41.257170 2.577265 32.746204 5.955674 43.825933 18.430696 31.587354 5.226158 44.228312 45.911402 49.528020 26.631562 26.163086 25.824012 7.673025 13.191519 40.675069 35.500209 50.519027 24.476327 42.003152 30.499121 22.354844 16.545432 35.938885 22.930940 21.923748 32.042186 32.139170 23.517748 39.414816
44.029947 2.562890 37.759861 1.035170 26.271054 13.843844 17.960404 33.989150 13.032266 36.057580 29.679764 20.373822 28.807482 21.256704 6.238511 14.872228 -1.000000 23.571683 5.351487 14.904157 41.479469 11.018461 18.807405 34.126001 16.438026 45.885761 33.901110 13.018860 19.210734 19.648863 16.624801 33.362271 43.259285 16.137900 24.435431 26.261455 39.111134 32.349540 21.841263 17.018852 1.950905 43.952924 25.814015 41.973076 18.889301 20.494249 24.622949 27.420256 33.171665 9.978258 20.260315 15.570277 10.764756 29.024056 42.774578 11.723108 29.343749 26.058923 15.739806 30.970347 16.926224 34.269408 13.161518 25.216021 43.254798 25.425982 39.319390 19.747807 23.645871 38.350500 17.238808 38.641622 20.586048 33.560169 23.430873 30.087835 17.506684 39.849874 37.486744 43.743896 12.875161 31.945628 14.983535 20.796514 23.647277 33.890557 23.021263 43.401465 27.136134 43.500206 39.549446 18.103802 5.893187 28.770006 32.297727 27.891552 17.417592 36.062291 30.192025 36.636311
22.097668 21.661791 20.159648 24.136293 5.288012 27.963939 33.583174 11.179141 12.755786 12.536650 7.460749 3.329626 10.056784 2.545255 19.619168 16.337778 23.571683 -1.000000 27.093785 29.016984 41.160132 21.356260 39.238908 30.781616 31.923860 23.312785 22.107102 23.254788 10.877481 36.375439 20.506506 9.859433 36.865240 15.868552 33.915142 21.893592 28.423694 9.335130 9.229366 10.769079 23.073679 22.440373 15.263215 34.417781 24.171816 4.047608 15.777191 20.081915 15.197501 18.415886 34.685852 13.154217 23.688715 22.822420 38.720613 14.233242 14.463009 14.444376 20.728367 17.120165 38.679564 20.232777 10.702344 4.306807 39.259638 3.550600 31.448751 29.864228 18.290622 28.235319 15.081214 16.481591 14.594519 38.126122 3.488908 18.683607 21.030678 32.147680 37.704693 38.256618 29.458890 9.826959 24.782268 10.851019 5.302865 31.310586 34.267029 40.465668 9.595652 26.268430 15.977769 15.598304 20.523391 27.755335 8.895086 5.602058 36.042935 15.937856 7.269880 26.476578
46.262558 5.800037 38.926126 5.812279 29.014113 9.826581 13.029461 37.941211 17.871157 39.620475 32.471834 24.094084 33.350916 24.632975 7.624764 20.161089 5.351487 27.093785 -1.000000 10.691177 38.556822 9.692998 13.545344 32.243229 11.649183 48.362666 33.948039 10.772222 20.762463 14.460082 15.448278 36.628109 41.552423 16.489871 20.387086 25.374915 38.569965 36.212812 23.659594 18.854788 4.475589 46.029478 26.434881 40.579824 16.687192 24.475429 25.041141 27.086070 34.690791 10.352016 15.432079 20.631139 8.301226 28.239251 40.581356 13.625810 30.482408 26.881553 21.068012 31.724647 11.977121 34.800633 17.338493 29.290741 41.029275 28.433231 38.129008 16.002478 23.398822 37.721440 22.470736 41.088467 25.777969 29.995298 26.364234 30.379390 22.836798 38.593650 34.628914 41.819192 8.189352 34.602001 12.251472 25.708150 27.924517 31.852899 18.683669 40.945829 29.081622 44.327861 42.941867 18.426766 6.775707 26.795103 35.972745 30.802541 12.085079 37.963071 33.190938 36.121119
44.053498 13.619068 34.880481 15.740627 28.996402 1.194758 4.566220 40.165318 24.077478 40.765467 32.258374 26.800715 37.471965 26.495727 11.970182 27.853184 14.904157 29.016984 10.691177 -1.000000 28.299511 7.765538 12.116679 23.299880 2.941971 46.604062 28.086113 5.802863 19.446803 7.393887 10.114638 37.214728 32.577196 13.923066 9.697397 18.537370 31.439476 38.294712 22.363414 18.529427 13.120643 43.498423 22.342298 32.059224 8.755763 27.753029 20.731921 21.085352 31.611742 10.981011 6.027197 27.258862 5.700998 21.307421 31.023003 15.084222 26.980848 23.132521 29.918406 27.358723 13.526047 29.781336 22.041262 32.366246 31.426615 29.055036 29.982417 5.477931 18.028608 30.481259 29.702930 39.571916 32.635766 19.387035 27.044331 25.240387 31.627347 30.332406 24.472077 32.559823 2.923770 33.930024 4.890803 31.449785 31.635149 22.709311 8.119130 31.095110 27.359608 39.382671 43.514775 15.211837 11.307756 17.985348 37.590520 30.991070 7.974077 35.454665 33.386967 29.145475
41.377333 39.354379 30.460012 42.481612 37.340021 28.905086 28.541872 49.294216 44.830856 47.343662 38.713471 41.246888 51.178500 39.605328 36.098828 49.831259 41.479469 41.160132 38.556822 28.299511 -1.000000 30.601525 36.835958 10.479491 28.831694 44.440456 22.155989 28.460686 31.218430 29.804807 25.706297 43.600154 10.666965 28.777057 19.521132 19.364681 18.639414 47.622068 32.002129 32.655027 39.528580 40.108169 26.031575 12.781647 22.687944 42.801464 25.383471 21.139104 31.503781 32.699264 26.471448 47.772936 30.764741 18.420473 6.554349 34.251760 28.551471 26.967126 53.380854 26.395101 39.767740 25.296657 41.456580 45.464894 6.464036 38.670957 13.896521 22.824913 23.096498 17.891720 50.617799 40.129035 52.375050 9.855615 37.720947 23.744052 54.780359 13.455115 4.004739 9.094487 31.199750 38.653362 26.545474 49.551433 46.136076 9.856999 21.903527 4.674627 32.912533 30.295506 48.029091 27.651556 36.005834 13.950944 46.127026 38.857866 33.012497 35.017910 40.280830 18.545485
37.887457 8.765904 29.717296 12.046906 21.773900 6.651722 12.301642 32.530565 16.842013 33.341088 25.143357 19.049815 29.709350 18.820290 5.601606 21.090419 11.018461 21.356260 9.692998 7.765538 30.601525 -1.000000 18.348375 23.138435 10.609782 40.237132 24.294440 2.566087 12.478161 15.040661 5.812463 29.906783 32.332998 7.331917 15.187523 15.725460 28.889438 30.672412 15.476759 11.160480 9.091044 37.494283 17.062882 31.169699 7.921385 19.987643 15.585038 17.397612 25.806036 3.276117 13.695639 20.060085 2.406120 18.577775 31.757913 7.318708 21.373346 17.625395 23.791785 22.348032 18.560903 25.289174 14.471204 24.614791 32.237039 21.651526 28.617990 10.368356 13.732265 28.051167 22.667804 33.043417 25.390756 23.237351 19.597950 20.808647 25.397460 29.112456 26.598159 32.761510 8.190866 26.997795 4.737719 23.911786 23.870287 22.879861 14.539579 32.392921 20.773565 34.890665 36.256215 9.113351 5.409704 17.759370 30.044682 23.732885 14.798952 29.371745 26.154786 26.435920
55.953476 19.227862 46.983728 19.061458 40.102859 12.648864 8.983776 50.369453 31.322647 51.519461 43.487203 36.550767 46.473609 36.698852 19.894782 33.677348 18.807405 39.238908 13.545344 12.116679 36.835958 18.348375 -1.000000 34.129481 9.653596 58.417601 40.137952 17.299788 30.802837 7.054258 22.118666 48.182608 43.081127 25.453134 17.488006 30.530161 43.149883 48.557828 33.793851 29.485251 17.987035 55.456096 34.397842 42.984347 20.788366 37.183312 32.797055 33.168253 43.600442 20.905808 10.515672 34.156540 15.945180 33.232851 40.859789 25.028831 38.999570 35.152752 34.251199 39.462120 3.563593 41.893747 30.403600 41.993379 41.183849 39.898698 41.218323 15.895198 30.143850 42.163269 36.012018 51.286691 39.323293 27.037777 37.824956 37.355575 36.014630 41.485767 33.474069 42.748129 10.290828 45.341526 16.944316 39.155536 40.852570 33.371633 15.049299 40.447354 39.010594 51.482959 54.543901 26.976900 18.992736 29.159070 48.086238 42.046721 4.297827 47.368619 44.472081 40.940249
32.105530 31.757000 21.019216 35.159504 26.865729 23.511424 25.166217 38.831643 35.442460 36.973521 28.257121 31.048466 40.765961 29.330388 28.209802 40.525610 34.126001 30.781616 32.243229 23.299880 10.479491 23.138435 34.129481 -1.000000 24.824473 35.167490 12.308450 21.506164 21.198198 27.276744 17.544565 33.197939 9.334312 19.612118 17.237796 9.301185 10.844147 37.149582 21.700585 22.856371 32.217401 30.944140 15.581765 8.856163 15.556049 32.620282 15.023497 10.706197 21.357941 24.534596 23.768115 38.225360 23.973453 7.970685 8.826010 25.249227 18.134529 16.500978 44.345371 16.093617 36.403941 15.459426 31.960573 35.078312 9.344045 28.214434 7.367986 18.356999 13.044214 9.849540 41.061138 30.226226 42.561573 12.003483 27.321449 13.352055 45.623020 7.493229 7.601376 9.623334 26.156757 28.274965 20.045306 39.559322 35.833883 1.073744 19.561094 10.016760 22.434407 22.212067 37.831591 18.175764 28.316534 5.449285 35.664162 28.378807 29.894695 25.073656 29.824690 9.660037
46.876481 15.518564 37.546924 17.167650 31.937822 3.962656 1.724642 43.081243 26.541004 43.705763 35.195835 29.659255 40.268635 29.397313 14.362686 30.084547 16.438026 31.923860 11.649183 2.941971 28.831694 10.609782 9.653596 24.824473 -1.000000 49.455088 30.509068 8.741746 22.384790 4.458654 12.950206 40.156669 33.971047 16.856870 9.475446 20.886539 33.528386 41.213186 25.294973 21.467319 14.810500 46.295843 25.094611 33.665041 11.182157 30.577664 23.477389 23.568945 34.401659 13.764137 3.822367 29.686677 8.412350 23.579573 32.104044 17.914873 29.756703 25.913429 31.872760 30.032577 11.583768 32.340258 24.682609 35.223868 32.475005 31.994882 31.757380 6.470700 20.672667 32.548234 32.041892 42.451649 35.062549 19.466370 29.981612 27.821918 33.609267 32.060114 25.153876 33.804998 3.564984 36.855677 7.740202 34.042215 34.444771 24.141320 7.368422 31.970802 30.261074 41.892779 46.455738 18.111638 13.620545 19.684553 40.521334 33.932820 5.373906 38.278051 36.328114 31.299645
3.068909 43.637698 14.148457 46.608063 19.630443 45.872260 50.815488 18.154976 36.068247 13.958137 16.285181 26.608941 25.754167 25.119659 40.779319 39.323026 45.885761 23.312785 48.362666 46.604062 44.440456 40.237132 58.417601 35.167490 49.455088 -1.000000 22.914084 41.122405 27.821789 53.693866 36.505038 14.070852 35.372513 32.982648 47.328874 30.804812 25.931649 18.292741 24.834728 29.537185 44.976099 4.364325 24.603088 32.614955 38.832224 27.264869 26.211223 27.696577 15.306468 38.266415 50.989011 36.191783 42.593691 29.308161 39.074208 34.742442 19.930182 23.680450 43.541857 20.464667 58.792413 19.833078 33.804766 24.146706 39.488455 20.649827 30.692222 44.985458 29.349421 26.588920 37.646570 7.275272 36.130607 46.631257 22.532910 23.280108 43.524476 31.234371 42.594234 37.244595 48.126932 13.957039 41.723388 32.538336 26.319593 36.174378 48.728425 41.388352 19.466703 15.104422 10.783164 31.450426 41.596942 35.836079 17.046492 18.150268 54.516229 11.263622 16.070397 25.924057
19.864782 31.338457 8.790947 34.889525 17.214423 27.763248 31.466025 27.974337 30.549398 25.528964 17.554242 23.495695 31.390542 21.480994 27.682044 35.517389 33.901110 22.107102 33.948039 28.086113 22.155989 24.294440 40.137952 12.308450 30.509068 22.914084 -1.000000 23.891105 15.846160 34.135148 18.785843 21.945790 15.188114 17.776398 25.860467 9.646880 6.343896 26.480162 14.602374 18.129716 32.271889 18.758068 8.459770 12.545371 19.351841 25.042146 9.351088 7.038960 9.436526 24.038422 30.915721 32.662334 26.118761 7.196917 17.860468 22.633075 7.678792 8.660305 39.827212 5.036972 41.531980 3.161944 27.048614 26.114187 18.365421 18.864500 9.705890 24.763096 10.563813 6.135751 35.303912 17.997310 35.914311 23.766761 18.713642 3.982982 40.735011 10.399010 19.849423 16.800942 30.424852 16.979845 23.483667 32.408611 27.409954 13.289347 27.693818 19.972880 12.589970 11.497235 25.925135 15.802797 28.164540 13.310921 24.861761 18.215862 35.881266 12.867510 19.069659 4.438530
38.655697 10.953532 29.950278 14.023334 23.214785 4.854356 10.355762 34.385069 19.387044 34.964140 26.501476 21.137932 31.919282 20.744961 8.060108 23.656324 13.018860 23.254788 10.772222 5.802863 28.460686 2.566087 17.299788 21.506164 8.741746 41.122405 23.891105 -1.000000 13.695750 13.196727 5.120106 31.424607 30.796442 8.214619 12.621446 14.821853 28.050083 32.511059 16.643446 12.726565 11.068006 38.173511 17.269490 29.809643 5.979048 22.162218 15.705885 16.872998 26.346797 5.751318 11.482265 22.605758 2.472489 17.696186 29.964726 9.559185 21.786439 17.956709 26.324131 22.468035 17.989054 25.190916 16.935007 26.696189 30.428197 23.253144 27.384265 7.805231 13.407138 27.163898 25.226396 34.014123 27.924905 20.811990 21.241506 20.647594 27.940546 27.837818 24.468137 31.108192 7.016510 28.223320 2.181280 26.369651 26.067042 21.157339 12.013789 30.471062 21.751572 34.839224 37.735119 9.677116 7.749407 16.066677 31.791673 25.205222 13.441213 30.075590 27.607091 25.635275
25.575500 16.719133 18.551990 20.105898 9.586787 18.549198 23.928355 21.412565 14.900078 21.471273 12.811669 10.143238 20.753863 8.773782 13.390944 19.970191 19.210734 10.877481 20.762463 19.446803 31.218430 12.478161 30.802837 21.198198 22.384790 27.821789 15.846160 13.695750 -1.000000 26.809233 9.967337 17.821212 28.650207 5.540506 23.171514 11.916936 21.873715 19.525107 2.999935 2.323815 17.905941 25.286925 7.392201 26.586179 13.437953 11.653600 6.844912 11.046556 14.013762 10.488378 24.661679 17.342547 14.868318 13.612745 29.726704 7.488226 10.171145 7.273740 24.155381 12.044488 30.991298 15.487377 11.353328 15.018826 30.266238 9.873816 23.613859 19.369739 8.161804 21.352948 20.125454 20.594053 21.391981 27.363783 8.044111 11.863376 25.190339 24.272728 27.542154 29.746575 20.555205 14.549453 14.777338 18.369118 15.231998 21.538158 23.706455 31.183989 8.374486 24.369674 24.082549 4.782455 14.116222 17.408297 18.569175 11.592491 27.102742 17.202735 13.962741 19.513334
51.068244 19.129304 41.502014 20.241192 36.374653 8.411860 2.893686 47.536443 30.600119 48.158384 39.615629 34.080241 44.633178 33.846430 18.446279 33.880005 19.648863 36.375439 14.460082 7.393887 29.804807 15.040661 7.054258 27.276744 4.458654 53.693866 34.135148 13.196727 26.809233 -1.000000 17.234542 44.598527 36.114919 21.273248 10.438876 24.491415 36.663976 45.669421 29.701272 25.923268 18.231509 50.445077 29.211470 36.114561 15.056425 34.971710 27.590371 27.324088 38.553243 18.151241 3.514766 33.696435 12.789386 27.053214 33.821204 22.324735 33.895450 30.069422 35.342017 34.019157 10.038523 36.151766 28.921958 39.642276 34.140260 36.448450 34.464904 9.407065 24.662280 35.659924 35.947138 46.746062 39.054014 20.037498 34.438078 31.685179 37.100366 34.698080 26.420335 35.737377 7.357286 41.243971 12.083395 38.212109 38.823906 26.479813 7.998613 33.393168 34.603394 45.601648 50.888651 22.465428 17.647995 22.475818 44.979966 38.372208 3.433857 42.478393 40.762801 34.543213
33.939729 14.219765 24.920239 17.659954 19.501755 9.470257 14.343644 31.334543 19.642281 31.416241 22.591087 18.987426 29.926630 18.142377 10.670288 24.446475 16.624801 20.506506 15.448278 10.114638 25.706297 5.812463 22.118666 17.544565 12.950206 36.505038 18.785843 5.120106 9.967337 17.234542 -1.000000 27.719514 26.634519 4.641996 13.456583 9.927934 23.128254 29.445496 12.673034 9.757668 14.744857 33.386148 12.282967 25.392580 3.841772 20.259302 10.690235 11.785635 21.504353 7.055091 14.806288 22.768752 7.353063 12.790993 26.279549 8.905130 16.885720 13.037253 27.758687 17.413990 23.034912 20.078852 16.568662 24.372492 26.774583 19.838764 22.813555 9.411085 8.287132 22.273885 25.564630 29.515448 27.816412 19.451857 17.965889 15.532048 29.222202 23.314919 21.719653 27.144323 11.949669 24.090564 5.224486 25.641289 24.135318 17.376574 13.780276 27.077817 17.382638 29.727943 33.906218 5.313393 10.778791 12.282643 28.529798 21.508210 18.072329 25.340708 23.836419 20.686794
13.552356 31.362755 16.213211 33.957589 8.234428 36.270123 41.726992 6.248703 22.395063 3.871147 5.287911 13.170819 12.351586 12.106548 29.041451 25.326322 33.362271 9.859433 36.628109 37.214728 43.600154 29.906783 48.182608 33.197939 40.156669 14.070852 21.945790 31.424607 17.821212 44.598527 27.719514 -1.000000 37.043474 23.358124 40.484792 25.738076 27.536675 5.238067 15.051644 18.754576 32.763634 14.292582 18.416709 34.316969 30.938766 13.539142 19.650916 23.065437 12.665939 27.298843 42.477909 22.230502 32.307904 25.561362 39.792724 23.279415 15.063495 17.363178 29.494794 17.252492 47.932575 19.111168 20.558971 10.078118 40.302543 8.290037 31.601460 37.047130 22.850014 27.709158 23.586841 8.341283 22.089858 42.715138 10.371730 19.858297 29.454164 32.282860 40.705884 38.715215 38.096120 4.974648 32.596730 18.471446 12.251432 33.976544 41.290019 41.860901 11.248514 21.388458 6.364177 22.416851 29.927282 31.668746 3.575774 6.229833 44.699938 10.703169 3.892428 26.261927
32.371229 40.840269 22.057585 44.294426 32.230621 32.824051 34.188677 43.134313 43.426078 40.519347 32.742079 37.785727 46.443678 35.877565 37.233131 48.527827 43.259285 36.865240 41.552423 32.577196 10.666965 32.332998 43.081127 9.334312 33.971047 35.372513 15.188114 30.796442 28.650207 36.114919 26.634519 37.043474 -1.000000 28.136305 25.787640 17.440616 9.723812 41.662974 28.418217 30.614104 41.373255 31.009955 21.876537 2.800062 24.869674 39.368511 21.895487 17.603962 24.396757 33.502955 32.603352 45.988290 33.267661 15.129404 4.166782 33.752032 22.729220 22.540438 52.557072 20.160175 45.514063 17.934429 39.883250 41.017587 4.412897 33.813492 5.487484 27.505818 20.876943 9.375314 48.775609 32.104159 49.894608 18.179409 33.391778 18.194016 53.715486 4.790573 11.274182 1.880851 35.452704 32.103588 29.374945 46.615371 42.132904 9.867981 28.201816 6.428316 27.586683 20.566626 40.526508 26.482156 37.402539 14.776438 40.036458 33.355472 38.908151 27.253825 34.256981 10.791597
30.585358 13.577741 22.484321 17.135967 15.124224 13.054085 18.390147 26.750793 16.054437 26.986498 18.342465 14.384970 25.315198 13.500845 9.908387 21.064761 16.137900 15.868552 16.489871 13.923066 28.777057 7.331917 25.453134 19.612118 16.856870 32.982648 17.776398 8.214619 5.540506 21.273248 4.641996 23.358124 28.136305 -1.000000 18.089648 10.699822 23.040747 24.862265 8.441383 5.116111 14.496174 30.171255 9.948036 26.493581 8.392798 15.695789 8.597737 11.354724 18.477824 6.285899 19.139820 19.033350 9.633242 13.235289 28.431007 5.643396 14.084712 10.404245 24.755250 15.235027 25.865571 18.354767 12.720737 19.737160 28.953117 15.329094 23.677808 14.010608 7.599724 22.320080 21.873306 25.833663 23.843012 23.490738 13.404963 14.023896 26.078197 24.264156 24.879660 28.922822 15.167010 20.016087 9.238607 21.406537 19.547353 19.681245 18.402791 29.537962 13.557912 27.840602 29.622628 1.977404 10.395192 14.875077 23.993345 17.128418 21.654342 22.049814 19.503096 20.568840
44.475484 22.878881 34.050451 25.320333 32.417944 10.640390 9.027619 44.567008 31.956809 44.289456 35.224068 32.437182 43.377970 31.585166 20.535387 36.276921 24.435431 33.915142 20.387086 9.697397 19.521132 15.187523 17.488006 17.237796 9.475446 47.328874 25.860467 12.621446 23.171514 10.438876 13.456583 40.484792 25.787640 18.089648 -1.000000 16.635469 27.304859 42.682519 25.576164 23.203383 22.576672 43.641543 22.938260 25.969773 9.746483 33.683229 21.405510 19.730220 32.040163 18.296441 6.994886 35.172990 14.114885 18.678882 23.386650 21.665193 27.490249 23.948054 38.839972 26.920682 20.275221 28.352590 29.315854 37.826635 23.702303 32.977653 24.570320 4.844044 18.141146 26.280280 37.827632 40.881146 40.451981 9.996090 31.213317 24.224109 40.487601 24.729470 16.015745 25.336902 12.351221 36.373402 10.462767 38.671375 37.573440 16.355919 2.440819 22.969245 29.511602 37.290429 46.435291 18.389077 20.074007 13.008054 41.659668 34.394383 13.521076 36.114972 36.600895 25.411733
27.902622 23.761358 17.428131 27.290772 18.524340 18.297270 21.820226 30.858430 26.218223 29.605839 20.519380 21.883218 31.946703 20.251057 20.088106 31.314942 26.261455 21.893592 25.374915 18.537370 19.364681 15.725460 30.530161 9.301185 20.886539 30.804812 9.646880 14.821853 11.916936 24.491415 9.927934 25.738076 17.440616 10.699822 16.635469 -1.000000 13.229918 29.073154 12.680205 13.560054 24.451768 27.029704 7.324216 15.827320 9.781641 23.440665 6.258274 3.110311 15.620914 16.322162 21.298479 28.951466 17.202077 2.874873 17.973857 16.311813 11.295444 8.375186 35.226890 10.341123 32.042920 11.799912 22.712354 26.198501 18.507704 19.665497 13.079333 15.135582 3.755334 12.355880 31.782175 24.646459 33.261279 16.977637 18.510497 7.590823 36.451811 13.635088 15.815846 18.279673 20.994629 21.080665 14.099483 30.286039 26.787727 9.622397 18.274247 19.312760 14.514842 21.114548 31.111832 9.059149 20.368860 5.987608 27.724952 20.256545 26.260445 19.696013 22.052261 10.815123
22.889517 36.565582 12.344333 40.124819 23.458037 31.327611 34.221597 33.703535 36.709756 30.917028 23.515444 29.837687 37.567102 27.824733 32.875552 41.720139 39.111134 28.423694 38.569965 31.439476 18.639414 28.889438 43.149883 10.844147 33.528386 25.931649 6.343896 28.050083 21.873715 36.663976 23.128254 27.536675 9.723812 23.040747 27.304859 13.229918 -1.000000 32.315462 20.862411 24.099842 37.379445 21.573948 14.514854 6.926725 22.775690 31.385597 15.122663 11.694858 14.875090 29.138374 33.248839 38.912615 30.430509 10.355046 13.167493 28.258335 13.965105 14.862656 45.987968 11.307138 44.954214 8.514738 33.183959 32.383569 13.601217 25.134851 4.769039 27.309411 15.468187 1.026528 41.581808 22.381558 42.247596 22.809000 25.047400 10.147890 46.944648 5.304120 17.359090 11.531463 34.043460 22.653578 27.237140 38.751201 33.725055 11.912559 29.449526 15.467558 18.866555 11.726903 30.815339 21.122020 33.260461 14.320687 30.657310 24.339571 38.852084 17.545837 24.979746 2.474836
