n_nodos R alpha CityArea
100 250 0 2323
ID_Nodo Costo_C Demanda_D Potencia_f Rango_s Es_Remoto_T
0 2056080 3936 3359 20 0
1 2284025 1854 2327 67 0
2 2659668 4678 2873 28 0
3 3175640 2512 2411 30 0
4 1098626 4564 3247 22 0
5 3425353 2070 1879 72 0
6 2378190 2340 2146 70 0
7 1536880 1192 1740 64 0
8 1698259 4612 2876 38 0
9 718330 2241 2434 34 0
10 2823226 928 1766 38 1
11 2755548 2919 2102 62 0
12 1184920 4154 3158 52 0
13 751433 710 1358 70 1
14 251908 3529 2406 41 0
15 2784024 3751 2495 75 0
16 226480 161 1415 55 1
17 2703777 3968 2655 36 0
18 1382463 2380 2310 73 0
19 3289726 2928 2504 55 0
20 2322098 2141 2484 21 0
21 1732098 4427 3288 58 0
22 3081532 2935 2894 58 0
23 1285579 410 1124 54 1
24 917229 193 1148 69 1
25 1547819 3227 2271 75 0
26 322634 444 879 37 1
27 898417 1301 1595 26 0
28 297061 4322 3377 77 0
29 1631525 1766 1990 20 0
30 122607 4283 2975 74 0
31 2935303 2756 2610 31 0
32 755483 2253 2113 72 0
33 291088 3456 2755 65 0
34 2402472 994 1743 28 1
35 1157677 1544 2154 22 0
36 3289555 4801 3394 57 0
37 2416385 4765 3806 38 0
38 1628895 1732 2327 53 0
39 196412 1317 1765 53 0
40 664985 2578 2743 61 0
41 2112698 3752 3194 58 0
42 2204337 1158 1368 36 0
43 694779 4060 3214 67 0
44 1696551 1312 1930 44 0
45 564634 4215 3184 56 0
46 432740 3652 2520 78 0
47 153862 1079 1400 29 0
48 1053375 4199 3521 55 0
49 3100736 1219 1409 59 0
50 2612916 1229 2033 53 0
51 692341 4708 3060 35 0
52 2505667 3689 3181 49 0
53 468350 1068 1498 72 0
54 2502149 167 810 59 1
55 300836 2737 2243 22 0
56 107416 2990 2353 21 0
57 2039275 1725 2044 65 0
58 1572529 760 1684 46 1
59 1955785 3123 2791 51 0
60 1012963 4369 3042 78 0
61 3145567 3811 2667 32 0
62 920818 1003 1722 52 1
63 920126 211 653 66 1
64 3239644 4869 2995 54 0
65 1048997 2675 2589 35 0
66 2428379 4418 2978 24 0
67 2436967 4575 2859 29 0
68 2278081 3453 2638 27 0
69 3329364 2095 1672 61 0
70 1950693 1933 2091 31 0
71 2700352 3403 2472 76 0
72 370052 1736 1860 25 0
73 3129183 4667 2942 46 0
74 209505 2278 2603 70 0
75 3338819 406 1109 22 1
76 2733223 2837 2652 58 0
77 820010 2029 1776 70 0
78 2293499 4270 3044 43 0
79 1321299 3053 2937 68 0
80 2897672 650 1660 44 1
81 1869279 651 1640 78 1
82 3009350 4914 2977 76 0
83 3499354 1320 1486 64 0
84 1799667 3122 2592 76 0
85 1394414 2186 1654 55 0
86 1582565 1715 1801 27 0
87 2557684 1962 2106 58 0
88 1437751 4353 3218 60 0
89 388115 1611 2213 42 0
90 1370139 508 1453 46 1
91 721748 3076 2377 22 0
92 1378396 4842 3348 35 0
93 1261264 4536 3236 20 0
94 2750840 4920 3601 59 0
95 2543703 2566 2116 64 0
96 1139049 1195 1674 67 0
97 1651384 4724 3489 28 0
98 1258067 2154 1951 30 0
99 421753 2781 2714 38 0
Matriz_Distancias
-1.000000 7.776507 22.654552 29.784342 25.121565 10.384375 30.532941 21.320841 15.140860 14.833250 28.208536 36.968253 1.763499 34.370508 21.889065 12.849823 5.466153 14.629089 24.593944 22.861633 16.188493 25.272849 20.366775 26.253746 15.399067 37.402952 12.464531 32.093465 15.196655 12.980701 33.433700 11.026698 35.023766 15.506196 29.811299 30.153499 14.419352 7.633500 19.593887 28.842268 10.954111 23.923364 40.838876 12.332352 23.432272 17.840130 24.277488 21.012577 6.770032 25.648478 35.164064 34.701013 43.126733 27.087586 34.030321 25.054451 28.528171 13.117003 23.411383 18.416614 18.708197 29.838867 33.254698 6.851362 17.896149 37.410407 9.715303 8.288086 11.683259 7.583851 31.364800 28.540967 26.203845 27.397313 21.138121 18.079752 18.507809 11.599899 15.383312 28.718977 15.939158 1.436061 16.641776 15.555618 11.103363 21.764255 20.609486 25.470027 22.670345 30.098813 21.219730 20.108599 10.952987 30.693880 9.928037 33.514046 14.268338 11.929358 29.937718 27.234120
7.776507 -1.000000 18.338294 29.596872 24.382722 10.855244 26.469525 13.572739 8.304356 17.889081 28.853405 38.215263 9.169358 41.233270 15.042954 15.403276 11.938651 19.681500 22.867615 30.638138 22.034183 18.164958 28.133847 31.472152 11.131290 40.393038 19.698761 37.237195 12.489367 20.703341 38.620568 4.565303 42.274448 16.207604 22.535094 24.206210 12.480083 12.784307 22.834216 29.638577 6.167012 31.189651 42.454661 16.771308 20.728820 25.490138 31.600167 16.832767 7.047342 25.683940 33.666982 35.195777 43.740981 34.149623 37.927513 24.088045 21.247073 5.598121 21.396085 24.801806 24.562265 30.611041 39.425191 9.919673 18.209619 39.247418 10.167030 12.581456 13.129748 13.386394 35.860301 26.383737 26.919701 31.388729 22.823663 25.843851 26.078416 7.325835 10.760000 31.313883 15.220020 9.189821 23.997418 20.091568 18.781038 25.529917 28.382859 23.180177 19.809014 31.315845 13.518242 17.321929 15.414003 31.501498 17.331981 35.189620 10.193009 15.607771 28.766471 27.352095
22.654552 18.338294 -1.000000 16.570898 11.794860 13.846940 8.133204 16.425241 11.519047 36.056893 17.872853 26.638260 22.744754 44.746412 9.523206 16.485680 28.107131 37.068331 8.622718 41.632105 26.115781 11.703824 39.852651 31.067167 7.379243 32.464648 28.547135 35.490623 7.833125 31.767433 36.776541 13.873519 47.497059 34.513879 15.159303 9.428812 30.290135 20.553906 20.337135 18.778835 12.345577 37.782876 31.122029 20.364708 5.190400 38.621673 38.409475 1.647842 25.277408 14.372600 17.473922 22.497226 30.255386 39.387858 32.661523 11.092891 14.420003 14.752130 7.205178 29.481468 27.797450 19.440985 40.552495 17.717639 12.135595 28.809586 14.168443 19.203847 14.625957 30.131898 32.548469 10.103848 16.728643 27.723222 41.156818 36.741571 39.593283 11.358046 7.612607 24.201741 10.082985 23.431741 32.273085 21.928609 29.856646 23.119927 39.872346 7.502821 4.454643 20.974907 15.528164 4.682976 19.998114 20.195309 27.486605 25.056422 27.075542 33.545008 13.888844 15.637193
29.784342 29.596872 16.570898 -1.000000 5.348428 19.609217 15.153685 32.562920 25.989664 44.616169 3.328924 10.071166 28.868141 36.042189 26.015995 17.440665 34.667808 43.766258 8.018028 40.239588 22.790429 28.232514 39.477910 21.701967 19.936056 16.891548 28.416363 23.916189 17.460769 32.565213 24.896868 26.305175 39.896768 44.787926 31.256562 23.433194 41.977982 23.571914 14.173555 3.757833 23.854791 32.996101 14.551132 20.056435 11.414353 39.889195 33.687407 16.736556 35.146533 4.141239 7.209338 6.003460 14.311793 33.055878 18.808586 5.841005 30.699875 28.498804 9.580498 25.293838 22.951182 3.738356 30.472172 22.955071 11.899370 12.393713 20.333743 22.313275 18.104738 36.910618 20.264728 7.653969 4.542413 16.409268 50.842508 36.169775 41.097424 22.667243 20.635196 10.818732 14.422644 29.763383 30.402696 18.907500 31.232803 15.144399 39.267400 9.139781 12.272282 5.560613 31.703940 13.713020 20.824355 4.141820 28.883269 9.006999 39.712898 41.694802 3.764235 2.665978
25.121565 24.382722 11.794860 5.348428 -1.000000 14.776637 12.543611 27.377434 20.656370 39.925816 6.078588 15.108801 24.363978 36.325682 21.026313 13.463258 30.213734 39.419016 3.283325 37.923501 20.575390 23.487592 36.837657 21.944459 14.589852 20.721549 25.416656 25.325385 12.133209 29.429397 26.486096 20.983916 39.780366 39.824374 26.853880 19.719984 36.816549 19.520384 12.415604 6.983975 18.554868 31.673827 19.605658 16.672148 6.632329 36.785225 32.357848 11.710649 30.153404 2.677092 10.163504 11.294927 19.659664 32.317727 21.430035 0.748685 26.180744 23.151037 4.591122 23.508781 21.306973 7.668719 31.274690 18.399732 7.391420 17.083240 15.480139 18.171957 13.582593 32.453550 21.976019 5.560580 5.133958 17.450993 46.007863 33.521460 37.949551 17.362362 15.292009 12.916045 9.356769 25.244281 28.006911 16.329825 27.899292 14.349996 36.692195 5.006827 7.351084 9.181379 26.533227 8.451476 17.168141 8.456112 25.468662 13.268004 34.450335 37.047475 4.886935 3.849363
10.384375 10.855244 13.846940 19.609217 14.776637 -1.000000 21.053788 19.892221 11.873247 25.152838 18.384072 27.572969 9.817013 33.638736 16.949815 4.974641 15.640568 24.890559 14.245919 27.901982 13.944741 20.529433 26.035794 21.891483 7.957283 29.560031 14.903542 27.417673 6.045375 17.935061 28.808057 9.379010 35.622052 25.186707 25.142990 22.693360 22.687781 6.725908 12.242470 19.109332 7.057917 25.105904 31.723619 7.838901 13.408396 24.793778 25.671235 12.248493 15.576331 15.514365 24.781174 24.847108 33.376660 27.311788 27.332108 14.682270 23.976771 12.372073 13.137495 17.249900 16.183680 20.100222 30.688854 4.041225 7.751050 28.459126 0.733430 5.422125 2.387606 17.854692 25.593032 18.233364 16.399122 20.924425 31.257116 22.971974 25.787479 6.419599 8.416162 20.465856 5.562702 10.657589 18.884022 10.644832 16.012431 15.099001 26.073370 15.235048 12.758245 20.644589 19.363726 10.307441 6.934595 20.982582 13.659241 24.419056 20.962523 22.288147 19.563986 17.148874
30.532941 26.469525 8.133204 15.153685 12.543611 21.053788 -1.000000 22.757972 19.354394 44.174124 17.737419 24.542828 30.470155 48.673900 15.571267 22.537327 35.999087 45.060390 9.705068 48.091366 31.523838 16.183814 46.556905 34.380946 15.473777 32.043425 35.040877 37.862777 15.377703 38.603604 39.009959 21.987675 51.934649 42.632339 17.756625 8.954965 38.320715 27.531357 24.277204 18.507975 20.466657 43.101733 28.743794 26.380769 8.106880 45.709535 43.765153 9.686098 33.407714 15.065492 12.579820 20.125974 26.432410 44.182791 33.634332 11.839067 17.581662 22.667529 9.497607 34.751372 32.763301 18.795588 43.777210 25.074634 16.902954 27.237665 21.506337 26.125988 21.261349 38.075283 34.469591 7.556454 17.463272 29.993470 49.283421 43.335092 46.749789 19.452587 15.741611 25.225230 16.213755 31.207841 38.385850 27.174045 36.786179 26.597155 46.516266 7.811455 8.472675 20.595105 21.850284 10.759526 26.333510 19.291143 34.349164 24.139227 34.993676 41.634654 11.473205 15.586060
21.320841 13.572739 16.425241 32.562920 27.377434 19.892221 22.757972 -1.000000 8.041755 28.725471 33.222259 42.486016 22.590688 53.276204 7.198558 24.786152 25.292644 31.847135 24.568353 44.156253 33.564284 7.626480 41.687067 41.723038 13.630400 47.123748 32.624291 47.112407 16.700270 34.111705 48.494859 11.146945 54.849869 25.197634 10.464379 16.240034 19.763805 24.790319 31.528889 34.127428 12.942454 43.916607 46.981848 27.589520 21.271387 39.054474 44.392935 15.894565 19.027695 29.636026 33.857647 38.564705 46.580749 46.571255 46.091165 26.777893 9.306232 8.366570 22.985953 36.714112 35.935303 34.936576 50.575485 21.378256 24.273992 44.342621 19.534201 24.072594 22.140724 26.426208 44.949146 26.528948 31.683210 40.111859 31.623021 39.310509 39.617834 13.473086 12.885800 38.190983 20.935415 22.710914 36.945580 30.534985 32.146355 34.506677 41.923962 23.801413 20.352794 36.223767 0.911611 18.935681 26.474471 35.770602 30.466367 40.378548 15.771970 27.245977 30.229318 31.145039
15.140860 8.304356 11.519047 25.989664 20.656370 11.873247 19.354394 8.041755 -1.000000 25.989503 26.169260 35.603384 16.043842 45.396036 6.800734 16.746311 19.996326 27.985292 18.263764 37.425953 25.664700 10.132551 35.123690 33.681295 6.130032 39.570278 25.269926 39.082393 9.039319 27.237179 40.466379 4.115329 47.137923 23.691749 14.700402 15.978708 19.052754 17.162317 23.534628 27.052770 5.089885 36.327490 40.059609 19.631201 15.336224 32.901605 36.836454 10.346616 15.226734 22.640753 28.523277 31.949565 40.268918 38.831608 38.242706 20.152976 13.424571 3.343683 16.658516 28.875992 27.991541 27.928846 42.561761 13.702862 16.556368 37.213692 11.548380 16.309284 14.101460 21.605890 36.973553 21.020598 24.476839 32.158535 30.390252 32.485835 33.621357 5.459712 5.396294 30.532196 13.178523 16.382717 29.549951 22.517453 25.234230 26.504386 35.298232 17.954299 14.362829 29.053321 7.490513 12.356250 18.567617 28.795537 23.317541 33.178892 15.639957 23.848040 24.216776 24.240056
14.833250 17.889081 36.056893 44.616169 39.925816 25.152838 44.174124 28.725471 25.989503 -1.000000 42.973949 51.521826 15.833404 42.053098 32.431300 27.500257 10.330597 5.089445 39.224684 25.040326 28.098438 35.110447 22.294627 38.083790 28.701694 51.058894 22.055687 43.684634 29.312765 19.482372 44.893765 22.454136 41.104466 5.047243 38.986072 41.966973 10.015719 21.688486 33.658395 43.577993 23.711324 31.069643 55.218735 26.195100 37.729651 18.380475 31.107713 34.488213 10.842607 40.478888 49.907186 49.454206 57.816105 34.697056 47.020125 39.832785 37.741294 22.832502 37.950378 29.041670 30.273595 44.571691 42.916542 21.666697 32.729282 51.732636 24.458117 22.697569 26.512167 8.249804 43.829700 43.086955 40.972234 40.553099 6.715621 22.156380 18.037995 24.727065 28.446874 42.822090 30.663084 14.933665 24.662287 29.015250 18.844485 35.380275 22.804218 39.945264 36.890828 44.728292 29.086743 34.318543 24.957981 45.413659 19.727384 47.953228 13.685056 2.978085 44.711972 42.057975
28.208536 28.853405 17.872853 3.328924 6.078588 18.384072 17.737419 33.222259 26.169260 42.973949 -1.000000 9.475155 27.144320 32.719011 27.040083 15.506958 32.847042 41.801761 9.317155 37.242162 19.862249 29.560656 36.590081 18.373044 20.039689 14.686005 25.734761 20.695156 17.277718 29.913800 21.714482 25.960210 36.568102 43.487632 32.916361 25.562628 41.036672 21.548646 11.257036 0.911923 23.435931 29.784130 13.896215 17.681459 12.707913 37.185059 30.474927 17.739724 33.940688 3.589532 10.482206 6.495191 14.994731 29.764267 15.910515 6.791924 32.255541 28.390056 10.667939 22.215982 19.855194 1.775771 27.180458 21.361441 10.678980 11.120678 19.117496 20.378487 16.591677 35.077488 17.090083 10.192112 2.004917 13.107883 49.345708 33.298075 38.408074 22.284193 20.773904 7.650891 13.685564 28.044341 27.472521 16.173139 28.686515 11.947427 36.357403 10.864634 13.425409 3.103063 32.398216 14.317608 18.590335 2.663310 26.398845 7.211391 39.042687 40.019931 6.812714 2.268424
36.968253 38.215263 26.638260 10.071166 15.108801 27.572969 24.542828 42.486016 35.603384 51.521826 9.475155 -1.000000 35.743649 33.414386 36.055443 24.118433 41.239684 49.871442 18.051538 42.310206 25.942599 38.303226 42.207153 20.603777 29.479153 9.005749 32.435384 20.204650 26.749727 36.579931 20.700766 35.426959 37.812238 52.418445 41.262875 33.199150 50.258393 29.843354 18.167141 8.628804 32.896851 33.586474 4.498996 25.494521 21.469291 43.508086 34.244238 26.751850 43.003721 12.962730 13.089648 4.417639 6.738698 32.548666 13.398312 15.721113 40.738236 37.864197 19.577772 27.403331 25.089656 7.700433 27.251911 30.202157 20.006313 3.029718 28.302309 28.833771 25.602172 43.426290 16.523313 17.395108 11.323974 14.956996 58.039992 39.067143 44.758602 31.750911 30.207568 9.705806 23.123733 36.636839 33.170135 23.192577 35.695963 17.366486 41.879882 19.205135 22.305710 6.930096 41.641850 23.554396 26.632292 6.820048 33.636837 3.831573 48.407640 48.545770 13.248240 11.376351
1.763499 9.169358 22.744754 28.868141 24.363978 9.817013 30.470155 22.590688 16.043842 15.833404 27.144320 35.743649 -1.000000 32.639246 22.699275 11.669620 5.853547 15.092045 24.053972 21.574894 14.444296 26.154685 19.159766 24.533006 15.646716 35.905034 10.764595 30.370408 15.093018 11.544082 31.706279 11.966653 33.353767 16.909141 30.744022 30.606200 16.104083 6.101606 18.153287 27.744620 11.538941 22.249655 39.538432 10.796465 23.127539 16.865263 22.618396 21.096924 8.480493 24.726943 34.477066 33.621512 41.989764 25.377354 32.424463 24.345358 29.468317 14.288523 22.952028 16.653174 16.958539 28.738289 31.491219 5.964519 17.041680 36.085714 9.209277 6.923945 10.799905 8.090176 29.699153 28.049823 25.144018 25.799195 22.296414 16.720946 17.620030 12.030167 15.714933 27.312445 15.362165 0.900025 14.982785 13.957671 9.611980 20.224331 19.369793 25.043186 22.413873 28.915514 22.438027 19.882689 9.444943 29.580822 8.267983 32.232173 16.030733 12.875654 29.220742 26.280088
34.370508 41.233270 44.746412 36.042189 36.325682 33.638736 48.673900 53.276204 45.396036 42.053098 32.719011 33.414386 32.639246 -1.000000 50.448447 29.129326 34.148148 37.640467 38.968877 18.862825 19.731464 53.970118 20.960533 14.427689 41.252652 25.773284 21.945036 13.237501 38.535931 22.914242 12.964521 42.201142 4.635015 45.914724 58.478008 54.147803 47.509357 28.637228 24.553684 32.346230 40.355356 11.017592 33.670724 25.802448 41.124724 24.656710 10.945572 43.580023 40.542355 34.119892 43.020214 35.463990 39.280477 7.452330 20.273792 36.969940 57.380583 45.155601 39.333564 16.574350 17.464351 32.696704 6.245819 31.952832 32.632507 31.078568 33.879458 29.224634 31.647573 35.159266 16.893332 41.837285 32.056879 19.685230 48.202730 20.044527 25.520330 39.959052 41.836823 25.545054 34.902579 33.023421 18.046081 23.237481 24.148564 22.078026 20.401895 40.863230 41.211577 31.130756 52.837015 40.071052 26.828463 32.816319 24.553445 30.308528 48.386173 39.755930 39.371352 34.240920
21.889065 15.042954 9.523206 26.015995 21.026313 16.949815 15.571267 7.198558 6.800734 32.431300 27.040083 36.055443 22.699275 50.448447 -1.000000 21.326184 26.796990 34.685178 18.005653 43.847161 30.855075 3.596398 41.633176 37.801736 9.205540 41.379043 31.345600 42.823752 12.081624 33.643180 44.175391 10.894625 52.564160 29.710565 8.252456 9.870331 24.673409 23.066811 27.164157 27.952006 11.279431 42.021137 40.550700 24.739815 14.604114 39.560014 42.571676 9.316626 21.816570 23.464669 26.784799 31.979164 39.776018 44.257585 40.950615 20.369717 7.045796 9.633187 16.484000 34.186773 32.996252 28.687993 47.048372 19.642121 19.246300 38.109212 16.843870 22.023104 18.807419 28.393964 40.281229 19.566700 25.682334 35.393961 36.371913 38.882872 40.315595 11.138513 8.612142 32.715848 16.162938 23.091755 35.538116 27.228096 31.636428 30.133510 41.779563 17.018907 13.750039 30.113912 6.287932 12.804216 23.884092 29.482417 29.588330 34.250969 20.903212 30.437814 23.411531 24.865509
12.849823 15.403276 16.485680 17.440665 13.463258 4.974641 22.537327 24.786152 16.746311 27.500257 15.506958 24.118433 11.669620 29.129326 21.326184 -1.000000 17.340140 26.346062 14.074848 25.554082 9.739914 24.840796 24.076005 16.945040 12.124581 25.117020 12.529510 22.443851 9.465145 16.277455 23.834062 14.345573 31.415539 28.320350 29.361184 25.820861 26.529153 6.135134 7.431442 16.084776 12.027208 21.337713 28.021135 3.896212 14.445840 23.568390 21.953012 15.069545 19.048202 13.331947 23.590496 21.966314 30.320470 23.167257 22.535546 13.624715 28.253713 17.344817 13.454849 13.122929 11.708048 17.076453 25.872813 6.146700 6.181372 24.623280 5.489873 4.884873 2.645813 19.571692 20.654505 18.079626 13.515347 16.044404 33.948093 20.823415 24.691353 11.331628 12.720343 16.151222 6.463060 12.568462 15.906343 5.902914 14.603972 10.191484 24.011955 15.546061 14.088757 17.257736 24.225198 12.119610 3.853511 17.914401 12.147008 20.686841 25.249532 24.536665 18.329008 14.799452
5.466153 11.938651 28.107131 34.667808 30.213734 15.640568 35.999087 25.292644 19.996326 10.330597 32.847042 41.239684 5.853547 34.148148 26.796990 17.340140 -1.000000 9.249991 29.886263 19.982257 18.114901 30.044970 17.265105 28.253934 20.819512 40.779437 12.663560 33.986598 20.657649 11.351736 35.254379 15.920790 34.070650 12.436710 34.464952 35.415599 13.370619 11.397613 23.328184 33.415155 16.223262 23.225260 44.897593 15.864939 28.852086 14.077999 23.435530 26.467439 7.133798 30.528569 40.330545 39.298462 47.592754 26.700018 36.880874 30.198699 33.176697 17.535199 28.756639 19.514367 20.435335 34.403699 34.031728 11.816577 22.877752 41.407136 15.010471 12.477587 16.640127 2.243761 33.830090 33.868898 30.854918 30.350728 16.986294 15.692561 14.476769 16.959619 20.769444 32.491663 21.197792 4.987428 16.118852 18.711876 10.002894 25.079109 17.620908 30.835250 28.105669 34.486575 25.335906 25.550670 14.637233 35.231673 10.096664 37.645216 14.741712 7.357911 35.073337 32.062825
14.629089 19.681500 37.068331 43.766258 39.419016 24.890559 45.060390 31.847135 27.985292 5.089445 41.801761 49.871442 15.092045 37.640467 34.685178 26.346062 9.249991 -1.000000 39.136207 20.131483 25.248268 37.649981 17.428172 34.889005 29.708250 48.579388 18.817557 40.297862 29.794860 15.655336 41.441329 24.115914 36.430109 10.059617 41.793070 43.837123 14.501730 20.253960 31.743769 42.322739 24.892096 26.756840 53.320112 24.381544 38.061321 13.494444 26.731365 35.444647 12.950929 39.636860 49.553672 48.196015 56.356775 30.391199 44.193879 39.421521 40.519942 25.080378 38.002234 25.696464 27.201867 43.300444 38.940914 21.042611 32.056853 49.797828 24.258734 21.462130 25.836428 7.050752 40.794941 43.117619 39.827946 37.911508 10.563509 17.608572 13.057372 25.760248 29.577388 40.775156 30.447199 14.235459 20.804707 26.841133 15.422338 33.111404 17.953753 40.076150 37.297011 43.253895 32.093555 34.732257 23.297303 44.104938 16.797043 46.183283 17.781336 4.753860 44.289233 41.137972
24.593944 22.867615 8.622718 8.018028 3.283325 14.245919 9.705068 24.568353 18.263764 39.224684 9.317155 18.051538 24.053972 38.968877 18.005653 14.074848 29.886263 39.136207 -1.000000 39.311075 22.258853 20.325276 38.023959 24.689785 12.388441 23.989297 26.488217 28.357338 10.381037 30.340440 29.551034 19.104314 42.257364 38.719865 23.599444 16.462336 35.346454 19.821936 14.628216 10.212466 16.815666 33.672299 22.545462 17.670094 3.432583 37.643123 34.346243 8.718618 29.060948 5.955679 10.815098 14.006915 22.083759 34.584212 24.675432 2.541799 22.948859 20.996247 1.608584 25.374097 23.288100 10.834070 34.113295 18.153018 7.943853 20.186876 14.887777 18.419218 13.563070 32.099836 25.090887 4.045430 8.404529 20.470727 45.076507 34.732594 38.764784 15.618819 13.033734 16.154696 8.692009 24.901741 29.446661 17.916841 28.677925 16.892753 37.923059 1.898554 4.256234 12.416626 23.703301 5.912473 17.918501 11.575991 26.219949 16.457332 32.722121 36.420981 5.995755 7.057356
22.861633 30.638138 41.632105 40.239588 37.923501 27.901982 48.091366 44.156253 37.425953 25.040326 37.242162 42.310206 21.574894 18.862825 43.847161 25.554082 19.982257 20.131483 39.311075 -1.000000 17.469860 47.397500 2.797742 22.435590 35.637850 37.607088 13.098407 26.098107 33.930595 10.204415 26.806331 33.437534 16.701340 29.597808 52.043816 50.591318 32.590739 21.196218 26.067460 37.341451 32.575553 9.752617 44.397664 21.732888 39.997036 6.660167 9.305884 40.080567 27.114751 36.769931 47.314820 42.446414 49.009732 12.742229 32.139874 38.300442 50.788154 35.862239 38.900391 15.096614 17.471467 38.111801 22.070376 24.410160 31.413530 41.044694 27.714548 22.481814 27.037173 20.011555 28.191680 43.155787 35.698039 27.574626 30.498683 4.970816 7.129538 32.749679 35.945247 32.653530 31.934858 21.454041 9.917652 21.599986 12.211377 25.491728 2.370620 40.937095 39.636104 37.223275 44.012913 37.561006 21.777167 38.649606 14.335634 38.522918 34.604058 23.353314 42.400656 37.712622
16.188493 22.034183 26.115781 22.790429 20.575390 13.944741 31.523838 33.564284 25.664700 28.098438 19.862249 25.942599 14.444296 19.731464 30.855075 9.739914 18.114901 25.248268 22.258853 17.469860 -1.000000 34.414198 16.729442 10.178189 21.715873 23.395105 6.641761 15.982109 19.185817 10.678587 17.296859 22.540722 21.725602 30.526690 38.987632 35.505352 30.487438 9.250918 8.622071 20.029602 20.631008 11.680239 28.792243 6.115883 23.462773 17.597842 12.319788 24.754756 22.914421 19.308237 29.845294 25.409984 32.668762 13.444554 18.969564 21.002867 37.850272 25.526118 22.076562 3.383170 2.544816 20.854414 17.391200 12.355887 14.622967 25.276304 14.156638 9.604809 12.082708 19.927685 15.739841 25.945366 18.254130 12.684569 34.810578 13.446501 18.844827 20.229158 22.257321 16.308351 16.032827 15.092052 7.615208 4.354230 10.054735 8.578560 16.495777 24.000312 23.282490 20.156287 33.112017 21.601658 7.097556 21.462142 8.459958 22.114521 30.417137 25.230636 24.952241 20.246335
25.272849 18.164958 11.703824 28.232514 23.487592 20.529433 16.183814 7.626480 10.132551 35.110447 29.560656 38.303226 26.154685 53.970118 3.596398 24.840796 30.044970 37.649981 20.325276 47.397500 34.414198 -1.000000 45.159075 41.174708 12.719396 44.088649 34.935968 46.096397 15.501790 37.193218 47.436292 14.246195 56.131617 32.060543 4.661108 8.713759 26.813018 26.661286 30.480386 30.468963 14.822060 45.612150 42.773834 28.301364 16.893753 43.019398 46.164391 11.916085 24.709815 26.032317 28.183395 34.101788 41.584624 47.828647 43.950583 22.792451 3.450775 12.606307 18.896818 37.753927 36.530918 31.142942 50.476029 23.233234 22.439837 40.511489 20.434307 25.619420 22.349179 31.551101 43.452640 21.311365 28.341537 38.568457 38.642982 42.436958 43.750181 14.723296 12.157187 35.609240 19.476303 26.512026 39.133107 30.736767 35.186245 33.431383 45.313975 19.102587 16.136549 32.659586 6.855543 15.612035 27.463893 31.899126 33.159505 36.754665 22.903863 33.277378 25.334670 27.334440
20.366775 28.133847 39.852651 39.477910 36.837657 26.035794 46.556905 41.687067 35.123690 22.294627 36.590081 42.207153 19.159766 20.960533 41.633176 24.076005 17.265105 17.428172 38.023959 2.797742 16.729442 45.159075 -1.000000 22.902985 33.631670 38.051576 11.550807 27.044278 32.081112 8.112867 27.865113 31.093203 19.155913 26.816265 49.789896 48.665212 29.796628 19.310330 25.339162 36.755936 30.354232 11.004112 44.547325 20.356051 38.499221 3.934426 10.697537 38.273522 24.398435 35.858242 46.453880 42.052018 48.938599 14.349849 32.721917 37.169494 48.525453 33.436830 37.514701 14.804420 17.135922 37.570549 23.623143 22.392224 30.085331 41.129216 25.794543 20.648867 25.354809 17.233837 28.822360 41.938952 34.954425 27.730597 27.860590 3.319527 4.591267 30.593575 33.900605 32.504457 30.347647 18.979377 9.140349 20.626150 10.084929 25.081200 0.559179 39.585540 38.084627 36.801581 41.571984 35.920621 20.240382 38.158154 12.377093 38.388718 31.841362 20.565892 41.433869 36.897952
26.253746 31.472152 31.067167 21.701967 21.944459 21.891483 34.380946 41.723038 33.681295 38.083790 18.373044 20.603777 24.533006 14.427689 37.801736 16.945040 28.253934 34.889005 24.689785 22.435590 10.178189 41.174708 22.902985 -1.000000 28.680081 15.178858 16.094760 5.841206 25.721607 19.459237 7.195463 31.182080 18.197768 40.682738 45.488477 40.341229 40.622393 18.938011 10.765864 18.062152 28.946473 13.138561 22.123595 14.706287 27.057136 25.108369 13.768151 30.063085 33.013230 19.696840 28.779031 21.795196 27.101559 11.967988 9.839397 22.604776 44.483689 34.200463 25.174608 9.215533 7.826773 18.498996 9.499065 21.555302 18.983153 18.908459 22.333786 18.909645 19.590187 29.997740 6.038856 27.430388 17.635112 5.724929 44.773047 20.146914 26.325910 28.276655 29.348360 11.594579 21.708123 25.218216 14.732894 11.426379 19.466716 7.957581 22.481156 26.588337 27.242224 17.056810 41.146105 26.397355 16.058667 18.718396 18.357824 17.035838 40.379539 35.267924 24.960747 19.824025
15.399067 11.131290 7.379243 19.936056 14.589852 7.957283 15.473777 13.630400 6.130032 28.701694 20.039689 29.479153 15.646716 41.252652 9.205540 12.124581 20.819512 29.708250 12.388441 35.637850 21.715873 12.719396 33.631670 28.680081 -1.000000 33.552411 22.768657 33.832405 3.080171 25.525258 35.199312 6.888898 43.441103 27.336878 17.271878 15.090269 23.402273 14.478814 18.156573 20.922758 5.012447 33.040301 33.931524 15.613051 9.785840 32.027874 33.613050 5.788023 17.961870 16.516726 22.962888 25.868056 34.240646 35.149135 32.477320 14.119034 16.142608 8.612629 10.808975 25.069845 23.811858 21.800318 37.867729 11.241446 10.644421 31.087170 7.993445 13.283779 9.637022 22.803744 31.470554 15.520470 18.350927 26.602309 33.931488 30.676466 32.923915 3.980768 0.750391 24.573401 7.323451 16.272718 26.819750 18.024694 23.547041 21.142407 33.712414 12.346322 8.830160 22.926974 12.907415 6.514447 14.845446 22.668312 21.307213 27.057078 20.496717 26.168968 18.383275 18.123869
37.402952 40.393038 32.464648 16.891548 20.721549 29.560031 32.043425 47.123748 39.570278 51.058894 14.686005 9.005749 35.905034 25.773284 41.379043 25.117020 40.779437 48.579388 23.989297 37.607088 23.395105 44.088649 38.051576 15.178858 33.552411 -1.000000 30.002805 12.705886 30.540433 33.848649 12.809609 38.488431 30.344825 52.799906 47.573199 40.199126 51.557448 29.804509 17.850584 13.809261 35.947580 28.159122 7.942194 25.110611 27.345821 40.063909 28.750650 32.184526 43.968513 18.096859 21.690876 12.777464 13.694828 26.355912 5.679519 21.451763 46.880807 41.256965 25.277457 23.758547 21.758766 13.332718 19.528397 31.159910 23.033337 6.048822 30.232375 29.142816 27.263650 42.809111 9.592532 24.534539 15.747925 10.724343 57.754209 35.204267 41.300439 34.924747 34.302761 9.123541 26.412099 36.743388 29.564670 22.075164 33.435603 15.715686 37.640721 25.545735 28.011006 11.613745 46.351827 28.576344 26.463426 12.764363 31.794452 7.926308 50.361052 48.111628 20.591380 16.954392
12.464531 19.698761 28.547135 28.416363 25.416656 14.903542 35.040877 32.624291 25.269926 22.055687 25.734761 32.435384 10.764595 21.945036 31.345600 12.529510 12.663560 18.817557 26.488217 13.098407 6.641761 34.935968 11.550807 16.094760 22.768657 30.002805 -1.000000 21.631101 20.892960 4.189577 22.838784 21.527696 22.605389 25.010773 39.596570 37.583849 25.815139 8.308221 14.579944 26.018310 20.231992 11.503820 35.401259 8.819450 26.966059 11.472856 11.901885 27.007540 18.633013 24.621823 35.220430 31.615155 39.136119 14.624570 25.413556 25.713130 38.372758 24.269181 25.963935 6.986399 8.390276 26.904645 21.378502 11.703602 18.545426 31.878834 14.781184 9.494346 13.939824 14.140868 21.977387 30.425119 23.966294 19.279663 28.716017 8.295968 12.683556 20.215553 23.136593 22.873345 18.852702 11.092981 4.324704 9.563087 3.438468 15.096677 11.482764 28.036517 26.573549 26.391553 32.338711 24.467045 8.707487 27.580766 2.631723 28.620491 26.458796 19.308089 30.104924 25.781974
32.093465 37.237195 35.490623 23.916189 25.325385 27.417673 37.862777 47.112407 39.082393 43.684634 20.695156 20.204650 30.370408 13.237501 42.823752 22.443851 33.986598 40.297862 28.357338 26.098107 15.982109 46.096397 27.044278 5.841206 33.832405 12.705886 21.631101 -1.000000 30.805916 24.701046 1.391263 36.770295 17.726449 46.423109 50.273660 44.534979 46.453803 24.767376 15.678293 20.158539 34.470122 16.360599 20.509372 20.467428 31.087691 29.707370 16.863549 34.641353 38.850894 22.816900 30.546496 22.508434 26.059932 13.995475 7.084122 26.042351 49.327627 39.779465 29.089240 14.650114 13.562871 20.323700 7.047281 27.317925 23.674301 17.842115 27.902000 24.702230 25.071129 35.673605 3.770991 30.548679 20.486744 7.886615 50.345854 24.634604 30.876947 33.738479 34.527701 13.103094 26.661023 31.049827 19.714623 17.149416 24.921508 12.696559 26.566907 30.230081 31.407166 18.615149 46.499489 30.898646 21.837791 20.288346 24.000364 17.241654 46.217280 40.910089 27.506185 22.545885
15.196655 12.489367 7.833125 17.460769 12.133209 6.045375 15.377703 16.700270 9.039319 29.312765 17.277718 26.749727 15.093018 38.535931 12.081624 9.465145 20.657649 29.794860 10.381037 33.930595 19.185817 15.501790 32.081112 25.721607 3.080171 30.540433 20.892960 30.805916 -1.000000 23.979876 32.168222 8.851390 40.880580 28.459402 19.948440 16.695493 24.966295 12.770939 15.127984 18.142523 6.460061 30.689954 31.167580 13.159360 8.424380 30.790007 31.285728 6.215757 18.854849 13.826309 21.178071 23.296498 31.759916 32.625818 29.398874 11.752364 18.873704 11.117414 8.910155 22.564601 21.163241 19.050289 34.978861 9.886079 7.576077 28.240154 6.336616 11.451363 7.180937 22.769961 28.403648 13.947848 15.515164 23.531479 34.915572 29.009563 31.760201 5.261204 3.817102 21.529974 4.243298 15.831868 24.772380 15.307394 22.052385 18.109994 32.117059 10.751616 7.578537 20.086431 15.984637 5.005891 12.564966 19.929807 19.704612 24.188972 22.387429 26.623756 16.311790 15.469122
12.980701 20.703341 31.767433 32.565213 29.429397 17.935061 38.603604 34.111705 27.237179 19.482372 29.913800 36.579931 11.544082 22.914242 33.643180 16.277455 11.351736 15.655336 30.340440 10.204415 10.678587 37.193218 8.112867 19.459237 25.525258 33.848649 4.189577 24.701046 23.979876 -1.000000 25.815286 23.275362 22.721680 23.043565 41.840313 40.552374 24.705691 11.214133 18.769516 30.204552 22.371207 11.922874 39.468767 12.759882 30.594074 7.358881 12.100115 30.180210 18.160713 28.731003 39.315687 35.803974 43.290810 15.466441 29.056302 29.694188 40.585713 25.774106 29.722405 10.258444 12.092293 31.093023 23.435182 14.284002 22.407204 35.954435 17.683737 12.570569 17.349336 12.245032 25.461600 34.320891 28.132498 23.136959 25.964528 5.248950 8.543116 22.553472 25.804155 26.979734 22.394765 11.546276 5.186113 13.746952 2.006976 19.220587 8.188682 31.821015 30.135496 30.578245 33.929391 27.911488 12.425480 31.770307 4.281753 32.758802 25.971224 16.977603 34.166325 29.922819
33.433700 38.620568 36.776541 24.896868 26.486096 28.808057 39.009959 48.494859 40.466379 44.893765 21.714482 20.700766 31.706279 12.964521 44.175391 23.834062 35.254379 41.441329 29.551034 26.806331 17.296859 47.436292 27.865113 7.195463 35.199312 12.809609 22.838784 1.391263 32.168222 25.815286 -1.000000 38.161421 17.539292 47.690635 51.596331 45.782097 47.780144 26.132013 17.042996 21.144455 35.860003 17.053725 20.710642 21.849820 32.326984 30.635133 17.521352 35.947344 40.186368 23.948955 31.415580 23.218949 26.354270 14.470798 7.361525 27.209021 50.657609 41.170427 30.316222 15.852394 14.853809 21.261731 6.718996 28.700992 25.005385 18.213335 29.293082 26.079829 26.460523 36.916118 4.632439 31.653044 21.591006 9.100077 51.541697 25.551937 31.788910 35.126152 35.896645 14.080758 28.014166 32.378090 20.777962 18.535108 26.097637 14.058494 27.376087 31.415698 32.664136 19.522268 47.879585 32.199051 23.217666 21.181523 25.239514 17.906231 47.574539 42.136533 28.526258 23.618002
11.026698 4.565303 13.873519 26.305175 20.983916 9.379010 21.987675 11.146945 4.115329 22.454136 25.960210 35.426959 11.966653 42.201142 10.894625 14.345573 15.920790 24.115914 19.104314 33.437534 22.540722 14.246195 31.093203 31.182080 6.888898 38.488431 21.527696 36.770295 8.851390 23.275362 38.161421 -1.000000 43.705836 20.644664 18.796299 19.721525 16.526473 13.647484 21.577621 26.798168 2.553983 32.772405 39.789209 16.693965 16.662988 28.807775 33.252917 12.418322 11.611855 22.593597 29.795933 32.102759 40.592199 35.433678 36.607246 20.600175 17.516214 3.020632 17.562854 25.627171 24.965464 27.735704 39.740304 10.255492 15.616480 36.736886 8.868582 12.976573 11.758810 17.590915 34.967153 22.387867 24.115532 30.270908 27.301848 28.517645 29.515892 3.676123 6.406911 29.366920 12.337020 12.279391 25.840228 19.805072 21.280527 24.466038 31.281527 19.200001 15.712966 28.641087 10.816693 13.333131 15.496522 28.623155 19.456025 32.664718 13.636387 20.144923 25.086038 24.251477
35.023766 42.274448 47.497059 39.896768 39.780366 35.622052 51.934649 54.849869 47.137923 41.104466 36.568102 37.812238 33.353767 4.635015 52.564160 31.415539 34.070650 36.430109 42.257364 16.701340 21.725602 56.131617 19.155913 18.197768 43.441103 30.344825 22.605389 17.726449 40.880580 22.721680 17.539292 43.705836 -1.000000 45.285290 60.712466 56.925836 47.400897 30.059551 27.662665 36.257582 42.052215 11.104364 38.217406 27.831807 44.189642 23.044783 10.754468 46.238434 40.808139 37.705655 46.971605 39.677483 43.785460 8.314915 24.798650 40.391600 59.571123 46.583576 42.492869 18.377807 19.749314 36.673143 10.830317 33.482730 35.502980 35.553209 35.777158 30.830250 33.808027 34.804812 21.301622 45.331785 35.759583 23.710471 46.949757 18.969066 23.734074 41.776215 43.977324 29.622175 37.493305 33.621906 18.383175 25.640488 24.242625 25.431912 18.605043 44.135877 44.196410 35.174908 54.476549 42.861269 28.697380 36.851757 25.095981 34.603833 48.650815 39.035047 43.100006 37.958254
15.506196 16.207604 34.513879 44.787926 39.824374 25.186707 42.632339 25.197634 23.691749 5.047243 43.487632 52.418445 16.909141 45.914724 29.710565 28.320350 12.436710 10.059617 38.719865 29.597808 30.526690 32.060543 26.816265 40.682738 27.336878 52.799906 25.010773 46.423109 28.459402 23.043565 47.690635 20.644664 45.285290 -1.000000 35.627629 39.485135 5.564453 23.008353 35.059977 44.166242 22.348376 34.897422 56.335044 27.691216 36.833365 22.959487 35.003280 33.030801 9.675821 40.701038 49.525214 49.977489 58.468675 38.485479 49.150799 39.638124 34.423724 20.382163 37.328201 31.925676 32.869034 45.163145 46.284766 22.216482 32.932484 52.914265 24.458779 23.781527 26.900304 10.899349 46.203742 42.405497 41.486625 42.564578 6.698523 26.331929 22.735662 23.473509 26.963671 44.209480 30.467640 16.059424 28.123697 30.774022 22.075837 37.097232 27.302615 39.211008 35.935676 45.520287 25.668394 33.407309 26.351874 46.032130 22.494849 49.004693 9.538832 6.270840 44.458378 42.333945
29.811299 22.535094 15.159303 31.256562 26.853880 25.142990 17.756625 10.464379 14.700402 38.986072 32.916361 41.262875 30.744022 58.478008 8.252456 29.361184 34.464952 41.793070 23.599444 52.043816 38.987632 4.661108 49.789896 45.488477 17.271878 47.573199 39.596570 50.273660 19.948440 41.840313 51.596331 18.796299 60.712466 35.627629 -1.000000 8.995443 30.221936 31.319202 34.746626 33.811600 19.471745 50.241266 45.673161 32.882011 20.227615 47.600967 50.798012 15.717690 28.846207 29.480172 30.257918 36.948887 43.987365 52.417417 47.791390 26.128384 1.288257 16.938282 22.300861 42.338780 41.066609 34.407646 54.852091 27.893511 26.605053 43.641755 25.066813 30.268895 26.908095 35.888809 47.507220 23.940076 31.866855 42.639364 42.084009 47.085817 48.311362 19.384403 16.742211 39.353959 23.788843 31.075670 43.790205 35.241437 39.833463 37.666996 49.950493 22.159385 19.589660 36.015950 9.959501 19.482009 32.073974 35.112311 37.817115 40.030786 26.234693 37.316989 28.071257 30.656110
30.153499 24.206210 9.428812 23.433194 19.719984 22.693360 8.954965 16.240034 15.978708 41.966973 25.562628 33.199150 30.606200 54.147803 9.870331 25.820861 35.415599 43.837123 16.462336 50.591318 35.505352 8.713759 48.665212 40.341229 15.090269 40.199126 37.583849 44.534979 16.695493 40.552374 45.782097 19.721525 56.925836 39.485135 8.995443 -1.000000 34.524699 29.396930 29.670622 26.413923 19.207952 47.153628 37.499994 29.668969 13.460011 47.118008 47.772620 10.753423 31.195613 22.395703 21.534780 28.805671 35.379814 48.810731 41.137660 18.971320 9.054606 19.172911 15.499766 38.878675 37.221812 26.869201 49.839604 26.285520 21.516084 35.768156 22.882886 28.115481 23.800695 37.224666 41.420744 15.830893 24.853937 36.684273 46.166854 45.650798 48.008869 18.585370 14.921040 32.616584 19.483180 31.164795 41.454108 31.346884 38.589841 32.383731 48.726641 14.735921 13.137833 28.593773 15.408924 14.082051 29.203939 27.479660 36.302110 32.411371 30.772912 39.805059 19.961864 23.305878
14.419352 12.480083 30.290135 41.977982 36.816549 22.687781 38.320715 19.763805 19.052754 10.015719 41.036672 50.258393 16.104083 47.509357 24.673409 26.529153 13.370619 14.501730 35.346454 32.590739 30.487438 26.813018 29.796628 40.622393 23.402273 51.557448 25.815139 46.453803 24.966295 24.705691 47.780144 16.526473 47.400897 5.564453 30.221936 34.524699 -1.000000 22.003792 33.709283 41.782131 18.577964 36.595676 54.370999 26.666867 33.131560 26.136138 36.800886 28.900479 7.660450 37.997232 46.140292 47.458591 56.005438 40.064872 48.401425 36.543458 29.038463 15.709376 33.867488 32.408963 32.967665 42.769133 47.153921 20.413346 30.359142 51.051545 21.957257 22.473827 24.702087 12.679471 45.783855 38.822290 39.065547 41.764457 11.863924 28.749111 26.141182 19.762407 22.932982 42.674776 27.557083 15.404270 29.467567 29.941522 23.361092 36.056389 30.230818 35.620584 32.195110 43.328737 20.278433 29.749273 25.266933 43.654755 23.189564 47.044057 4.007091 9.901760 41.243984 39.659666
