n_nodos R alpha CityArea
100 250 0 2323
ID_Nodo Costo_C Demanda_D Potencia_f Rango_s Es_Remoto_T
0 1898810 3239 2175 47 0
1 1886802 2213 2056 53 0
2 2703835 4815 3412 45 0
3 3427498 3287 3074 21 0
4 1161416 478 1583 31 1
5 933487 4484 3153 43 0
6 2228563 4110 3056 30 0
7 3390051 3687 2852 63 0
8 1131351 1571 1289 76 0
9 496819 3175 2872 22 0
10 1346652 3277 2189 64 0
11 660370 2830 2052 79 0
12 2619066 2050 1789 43 0
13 766157 3339 3066 74 0
14 774150 3037 2751 33 0
15 3298243 4403 3579 62 0
16 2579010 21 758 52 1
17 127678 660 1143 47 1
18 444009 3710 3344 57 0
19 2823807 1145 1123 20 0
20 418887 1269 1493 40 0
21 203158 1567 2032 34 0
22 2546436 4741 3729 79 0
23 426959 3469 3075 23 0
24 1180698 1523 1631 49 0
25 654345 2865 2911 56 0
26 1843092 4277 3261 68 0
27 3483952 4268 2700 38 0
28 1439399 1075 1320 60 0
29 1079218 2044 2265 62 0
30 1182031 340 1643 65 1
31 3428919 146 1395 25 1
32 2120578 2488 2577 74 0
33 1212487 1793 1506 60 0
34 2113654 4558 3030 71 0
35 2142047 1747 2356 42 0
36 1664779 762 1095 78 1
37 1612229 2810 2416 58 0
38 134019 4191 2879 59 0
39 652863 126 908 69 1
40 3347654 3220 2629 79 0
41 3300439 1388 1339 68 0
42 1776131 1222 1738 74 0
43 2831976 4830 3684 47 0
44 1698936 4724 3086 39 0
45 680227 3849 2512 22 0
46 313405 2038 1552 43 0
47 2332377 4220 3276 75 0
48 220415 137 1081 28 1
49 2657008 4826 3335 72 0
50 2243718 2434 1764 53 0
51 1047206 4128 3209 62 0
52 2093846 4269 2822 64 0
53 2716469 164 767 41 1
54 1645694 4988 3150 30 0
55 553268 1652 1840 41 0
56 2399339 3309 2257 64 0
57 481137 98 942 30 1
58 472325 1956 1816 44 0
59 3032924 2400 1985 43 0
60 649570 1421 1607 57 0
61 1169264 3008 2130 68 0
62 2702869 3887 2715 47 0
63 1652987 265 1071 28 1
64 2717813 4697 3646 60 0
65 3189886 4460 3447 50 0
66 1835939 3763 3346 24 0
67 2276951 2726 2837 30 0
68 816325 1544 1882 53 0
69 1397305 1512 1539 41 0
70 3063512 34 931 65 1
71 1383885 3032 2080 45 0
72 1135821 4387 2904 26 0
73 421294 571 1246 39 1
74 2701839 3409 2418 23 0
75 931899 4474 3484 61 0
76 2541960 1356 1783 46 0
77 2751681 3900 3216 76 0
78 1997733 4772 3550 69 0
79 1143844 3239 2216 76 0
80 3104979 3123 2246 62 0
81 2434265 4982 3921 65 0
82 695678 1856 1444 67 0
83 154872 1197 1778 75 0
84 2974241 1878 1778 64 0
85 2999778 1915 1554 28 0
86 3285788 3813 3080 56 0
87 2916466 2126 2125 22 0
88 3124880 4985 3203 41 0
89 2474523 1609 1309 56 0
90 163647 153 1375 34 1
91 1471488 4180 2759 68 0
92 1345481 1803 1616 64 0
93 330488 4436 3391 59 0
94 2355635 3128 2122 39 0
95 664644 1439 1586 31 0
96 356660 3155 3051 69 0
97 1187771 887 1807 70 1
98 915691 3066 2460 73 0
99 1489940 2192 2258 38 0
Matriz_Distancias
-1.000000 16.120127 19.618153 15.029741 13.417987 23.204281 3.671692 15.902852 26.385487 33.019697 24.019437 12.872102 23.752141 27.660813 20.240702 25.671518 15.273846 11.199540 32.016370 40.529655 21.615134 13.458573 12.665062 20.547969 27.897621 10.125566 26.481848 19.302529 15.646018 20.464625 10.857352 7.155193 16.153929 4.241162 17.004617 9.034191 27.622429 11.424916 29.896230 23.704177 14.197984 16.306314 17.865930 19.396102 22.266604 3.908923 29.083602 30.938200 29.667943 29.195145 34.419226 12.265369 30.123218 25.332607 17.551523 29.383754 23.323848 32.486866 24.246330 3.429716 17.970877 31.621672 12.541065 16.141899 27.155530 24.686037 26.554192 11.220043 20.532905 4.728876 7.849334 14.673217 11.374573 27.392791 6.977461 18.381118 14.518553 21.877472 31.598196 13.350433 24.204399 32.505996 21.017275 19.258853 21.812357 18.252612 14.891598 19.398069 15.188412 17.738914 30.317132 14.799498 16.013855 25.499023 18.332098 11.505187 32.067582 19.228733 18.811103 21.941367
16.120127 -1.000000 34.220284 20.675336 8.782783 39.274011 19.311080 3.692713 35.245293 39.935989 16.538058 4.357558 39.745022 42.061574 24.530569 41.697529 24.030437 27.314549 47.764078 50.774267 37.485065 8.756956 23.976270 5.709323 43.684191 18.639437 37.897051 34.760833 4.040441 34.323455 23.839371 15.500993 2.773805 11.980995 32.809346 7.127077 41.665823 15.665915 44.445027 21.474151 8.268172 18.942451 28.323781 11.387459 22.246622 19.336146 41.936701 38.898567 42.472881 34.096150 42.050955 10.748700 30.927514 41.426161 30.882604 44.847767 33.061496 41.930205 39.177838 14.310347 30.875548 43.018625 22.695699 29.015785 22.915186 38.466714 36.197499 15.041116 31.282894 11.689041 15.696498 8.169304 27.478986 34.529510 15.907414 33.443791 21.710875 18.649890 22.180710 8.757983 14.785445 23.624157 19.711744 33.626393 12.623741 4.685008 15.202419 35.343535 30.752055 7.992015 25.838695 27.847046 15.195213 40.991439 17.335961 23.051486 40.975017 35.292609 31.742655 37.942246
19.618153 34.220284 -1.000000 31.535395 27.806331 10.855542 18.458587 34.962311 15.828513 22.978982 34.256846 31.913529 16.359212 8.043295 20.618594 11.701415 14.328549 12.430845 24.134854 24.258415 16.553563 33.075981 11.559672 37.103605 20.869422 26.882374 11.236511 18.262945 34.778155 24.267576 10.563104 25.611291 33.245068 23.583889 6.241863 27.356858 8.103077 20.824102 10.319014 29.276788 33.805884 34.004480 10.937674 39.006808 26.329839 15.725824 10.736435 19.982659 11.312779 23.491188 22.919058 25.610151 29.424444 12.700992 4.777085 23.908569 12.941623 18.738266 22.987757 22.886144 25.165754 15.023466 13.348018 6.605892 33.208619 5.604096 14.545440 21.287295 10.308725 22.893553 26.184843 34.276764 11.259881 19.171931 18.509730 19.654197 16.702997 40.687815 41.306937 27.771670 35.948343 41.488656 39.360272 22.315637 34.237109 34.647465 24.163040 7.537060 5.720773 32.293202 35.490308 23.576619 34.939009 7.818109 25.971702 24.666254 19.272139 13.347414 25.517398 15.339794
15.029741 20.675336 31.535395 -1.000000 24.153610 30.314104 13.830945 17.728145 41.178431 47.985388 35.093088 16.398883 27.565993 39.106191 35.053044 32.896266 30.293544 19.458520 33.369795 54.585710 24.904927 12.165829 27.448838 26.383951 29.852294 4.990047 40.460939 21.087950 17.288977 17.368077 25.237215 8.119756 22.624076 14.319360 26.695169 17.087611 39.528816 25.565299 40.965051 37.027090 12.895089 3.413455 32.582295 14.343003 36.215150 18.020012 42.045623 45.802772 42.636454 44.202572 49.288050 24.233551 44.577572 31.850510 30.989584 29.725013 38.010608 47.005000 23.364570 12.191218 13.344981 45.399324 27.518146 30.021560 39.909471 37.100418 41.168502 25.187377 35.047713 16.547552 7.443086 13.207797 20.483814 42.385751 21.682592 18.983427 29.495984 10.823166 41.948792 24.083137 34.224210 43.208213 8.733264 17.665779 31.782066 25.029779 28.260566 28.027065 25.977264 26.863368 43.112622 11.498547 7.218934 35.049109 31.664854 7.457084 46.733243 24.491802 14.038324 26.098929
13.417987 8.782783 27.806331 24.153610 -1.000000 34.684796 17.089645 11.735775 26.696682 31.166257 11.082460 9.985537 36.441011 35.238910 15.750723 36.874048 15.880000 23.743440 44.974607 42.272678 34.546900 14.621015 16.642602 9.472132 40.851913 20.494187 29.853026 32.581725 11.887631 33.807721 17.256802 16.775092 6.511091 10.767329 27.740381 7.099198 34.626377 7.471947 37.668658 13.589441 14.615934 23.568580 20.352407 19.213663 13.803358 15.124192 34.300371 30.198233 34.804908 25.323965 33.307255 2.280078 22.592714 36.920789 23.868184 42.578112 24.721177 33.379076 37.637219 13.605174 31.041870 34.865367 15.093219 21.895858 15.923430 31.367760 27.765391 6.882023 23.255354 8.958797 17.286742 14.782241 23.524095 25.799280 9.546266 31.775144 13.381563 25.540015 18.417403 0.072348 10.842839 19.476311 25.996035 32.663266 8.414696 7.083655 6.420013 30.464330 25.426476 4.636860 19.091902 27.849129 20.793517 35.179025 8.819406 23.779378 32.358458 31.804261 31.905407 34.642298
23.204281 39.274011 10.855542 30.314104 34.684796 -1.000000 20.464836 39.030111 26.577495 33.542012 42.933570 36.035776 6.245689 12.856770 30.808819 2.610548 24.067300 12.221610 13.284538 32.378939 7.653773 35.722116 20.532252 43.258493 10.218971 26.657531 21.321341 11.016974 38.744687 17.490020 18.439419 26.897088 38.998603 27.432179 7.089763 32.148608 14.190632 28.747924 13.458396 38.948433 36.572484 33.423182 21.436174 41.158185 36.175180 20.018575 18.702789 30.508732 19.135430 34.346511 33.204800 32.740428 40.092004 2.245264 15.258639 13.382211 23.783711 28.623120 14.055269 25.669643 19.920046 23.864407 22.303039 16.677191 42.928723 14.080289 25.165340 29.063641 21.143415 27.614536 27.263873 37.065522 11.842822 30.004616 25.186058 13.133767 26.056825 40.783649 50.347118 34.634366 44.198363 50.734439 38.952246 15.745752 42.186869 40.844319 32.531380 4.319787 9.524367 39.321622 45.458849 19.700527 35.597545 6.578103 34.953157 22.857020 29.422099 6.048693 19.913433 6.054876
3.671692 19.311080 18.458587 13.830945 17.089645 20.464836 -1.000000 18.643293 27.450087 34.416484 27.636738 15.710338 20.434608 26.391925 22.717683 23.009723 17.040262 8.248188 28.538521 40.797859 18.192511 15.342305 13.813393 24.004579 24.433807 8.871877 26.666935 15.705948 18.337739 16.837170 11.446034 7.155219 19.588967 7.351013 14.832447 12.371913 26.561647 14.611301 28.493383 26.971248 16.170608 15.810288 18.849656 21.012570 25.330205 4.414114 28.585082 32.112904 29.176538 31.176196 35.592984 15.901668 32.833400 22.506458 17.279912 25.809078 24.239681 33.180085 20.586595 5.215426 14.511568 31.662902 14.152910 16.212521 30.531546 23.849971 27.366703 14.488617 21.236774 8.325411 7.727652 16.662496 8.709914 28.903231 9.982440 14.721896 16.786373 22.240234 35.233881 17.022113 27.869116 36.118018 21.004013 15.596285 25.481658 21.761223 18.266958 16.957571 13.386985 21.394085 33.662718 11.386321 16.480932 23.483912 21.660859 8.765983 32.936727 16.017965 15.332121 18.633371
15.902852 3.692713 34.962311 17.728145 11.735775 39.030111 18.643293 -1.000000 37.479018 42.567405 20.217987 3.058514 38.919858 42.937130 27.274778 41.532058 26.012035 26.863077 46.628646 52.883507 36.537798 5.566193 25.437099 8.990500 42.609103 16.355016 39.629106 33.545668 0.439214 32.466576 24.900861 13.659794 6.417968 11.666732 32.898939 7.714771 42.675013 17.905486 45.271504 24.909727 4.904855 15.684352 30.103838 7.746193 25.479287 19.511077 43.332239 41.343851 43.886643 36.954832 44.586698 13.406388 34.231593 41.114675 32.013793 43.528755 35.089252 44.133672 37.638216 13.438811 28.829808 44.807246 24.346713 30.241553 26.517914 39.544472 38.293229 17.287284 33.065858 12.068825 13.706656 4.701618 27.190360 37.055265 17.247407 32.048101 23.874362 14.961326 25.823232 11.696734 18.473950 27.283387 16.075103 31.951454 16.314761 8.346830 18.069063 35.296595 31.007286 11.629620 29.476878 25.931009 11.754859 41.323749 20.512999 21.007645 43.272040 34.617789 29.681354 37.141862
26.385487 35.245293 15.828513 41.178431 26.696682 26.577495 27.450087 37.479018 -1.000000 7.400338 27.643841 34.843907 32.181280 17.149345 11.949421 26.989429 11.628834 25.393925 39.842642 15.581258 32.217862 37.963719 13.745276 35.704572 36.688182 36.188679 6.511536 33.396399 37.480169 38.788279 16.017279 33.537928 33.199657 28.770256 21.549585 30.156879 15.632852 19.611324 18.998778 20.446257 38.415920 42.689792 8.602176 43.780971 17.452909 23.160439 12.051381 4.706304 12.224630 8.488389 8.157923 24.548417 16.073209 28.231768 12.399718 39.737073 3.319009 6.686728 38.472378 29.673917 38.752516 9.493860 13.959556 12.203470 23.605136 13.501198 1.913403 20.235457 6.508606 26.999226 34.229525 38.785866 24.193856 3.775934 20.962103 34.398613 13.604671 47.907666 32.892985 26.703080 30.190682 32.489497 47.292846 36.868771 29.462601 33.538789 20.605142 23.325734 19.945558 29.918764 24.756792 36.442370 42.106458 21.893880 20.145382 35.804276 5.827580 28.892583 39.293765 31.097755
33.019697 39.935989 22.978982 47.985388 31.166257 33.542012 34.416484 42.567405 7.400338 -1.000000 29.548502 40.167386 39.320998 22.921875 15.429334 33.711828 17.796734 32.774357 46.719574 13.604567 39.482961 43.736164 20.603709 39.472756 43.730973 43.011217 12.396476 40.767792 42.627172 46.188584 23.089344 40.156136 37.617509 34.967625 28.860779 35.665373 21.313312 24.780275 24.348305 21.880878 44.097413 49.280647 15.679371 49.359477 19.378588 30.049788 16.946898 3.041699 16.887984 6.726585 2.573984 29.224091 14.389035 35.057243 19.786221 46.830545 10.694818 6.711632 45.798672 36.182063 46.117237 12.479856 20.480276 19.587269 24.090195 19.854412 8.434363 25.378675 13.883067 33.030144 40.853804 44.427385 31.579384 5.674225 27.028368 41.794437 19.173803 54.070216 33.338659 31.187163 32.335705 32.591272 53.641794 44.268990 32.155455 37.539149 24.769572 30.514278 27.323433 33.646571 24.282178 43.758289 48.361136 28.372078 23.344083 42.925517 5.148200 36.189790 46.669164 38.313273
24.019437 16.538058 34.256846 35.093088 11.082460 42.933570 27.636738 20.217987 27.643841 29.548502 -1.000000 19.675323 45.684028 40.573308 15.795759 44.812340 20.137768 33.285592 54.380603 42.521021 44.085426 24.580992 22.769904 12.717703 50.308761 31.570455 32.675716 42.601462 20.536185 44.473288 24.518210 27.855375 13.804514 21.808841 35.844320 18.017793 39.592420 14.286710 42.967312 7.682845 24.337803 34.228964 24.394076 27.918536 10.306802 24.883277 37.979328 29.682705 38.374630 22.864508 32.050111 11.762957 16.927953 45.168533 29.663136 52.346131 26.919071 33.791314 47.860517 24.623764 41.915427 36.982033 20.958899 27.703740 6.982357 36.410893 29.244739 14.070058 26.753632 19.880281 28.359546 24.365055 32.819449 25.318051 18.508443 42.052501 17.603578 35.108680 7.646732 11.154767 2.869428 8.487909 35.970378 43.199362 4.001864 12.079206 10.411525 38.613980 33.409827 8.651093 9.492322 38.724347 31.047593 42.049078 8.331309 34.809317 32.404889 41.060134 42.769445 43.939079
12.872102 4.357558 31.913529 16.398883 9.985537 36.035776 15.710338 3.058514 34.843907 40.167386 19.675323 -1.000000 36.070568 39.896154 25.026465 38.526008 23.295170 23.897415 43.899327 50.159558 33.727743 4.906514 22.529566 10.037576 39.852609 14.292372 36.772913 30.837816 2.867939 30.101816 21.901955 11.240419 6.287513 8.631476 29.856496 4.782427 39.648982 15.396946 42.225549 23.525196 4.711553 14.870416 27.286404 9.326398 23.762851 16.454894 40.375251 38.820998 40.933435 34.756361 42.115045 11.303822 32.559414 38.134216 29.015201 40.877321 32.359462 41.468159 35.091574 10.538380 26.591380 41.963182 21.504573 27.263790 25.531539 36.529886 35.586860 14.792321 30.241084 9.023050 11.394920 4.821887 24.193004 34.596676 14.348786 29.421479 21.261001 15.640425 25.926907 9.933523 18.313521 27.293468 16.317481 29.474118 15.976032 8.653067 16.034507 32.270142 27.952909 11.051812 28.605245 23.597384 11.399137 38.268346 18.780223 18.756901 40.657769 31.718477 27.455202 34.282914
23.752141 39.745022 16.359212 27.565993 36.441011 6.245689 20.434608 38.919858 32.181280 39.320998 45.684028 36.070568 -1.000000 19.095579 35.035187 7.643396 28.120517 12.712954 8.720415 38.624431 2.662279 34.909569 24.291306 44.293161 4.785370 24.709043 27.280672 6.565793 38.584603 12.402130 21.796772 25.803389 39.905659 27.771999 11.053480 32.753966 20.436076 31.406310 19.584635 42.559570 35.794290 30.881952 26.185876 39.862273 39.985719 21.320716 24.927497 36.309822 25.368458 39.596306 39.136866 34.729601 44.771306 5.994898 20.251851 7.587968 29.214632 34.675002 7.995491 25.535458 15.557433 30.059151 25.936945 21.331759 46.521244 20.199618 30.893612 31.615420 26.363137 28.443191 26.023535 36.280483 12.946748 35.443676 27.305984 8.792088 29.761195 38.347206 53.264930 36.382576 46.612646 53.816891 36.296889 10.962646 44.430899 41.970938 35.326844 8.872373 13.275816 41.022132 49.251998 16.207926 33.657134 12.771676 38.105119 20.299950 35.397651 4.645725 15.335436 1.811743
27.660813 42.061574 8.043295 39.106191 35.238910 12.856770 26.391925 42.937130 17.149345 22.921875 40.573308 39.896154 19.095579 -1.000000 25.655945 11.944884 20.468615 19.681157 24.854718 19.568412 20.334636 41.118992 18.623176 44.653289 22.638371 34.603438 10.743939 23.155103 42.763413 29.603928 18.234547 33.544805 40.944949 31.618115 12.554452 35.292043 1.618258 27.983413 2.435061 34.731795 41.849060 41.730062 16.206892 47.046170 31.652784 23.769036 6.301899 19.943927 6.603736 25.626622 21.969831 32.990980 32.832201 13.558996 11.372414 25.860503 15.450270 16.997930 26.858765 30.917236 31.284670 11.553861 20.278825 13.356269 38.491426 4.192075 15.334168 28.503490 14.209495 30.873282 34.099143 42.319711 18.623581 20.921445 26.213637 24.994156 23.071996 48.563375 47.182869 35.210633 42.541971 47.157923 47.151787 27.716649 41.048921 42.210166 30.956968 12.105619 13.163789 39.592188 40.359182 30.213777 42.860559 6.379969 32.251249 31.989823 18.135659 17.863541 31.480087 18.796411
20.240702 24.530569 20.618594 35.053044 15.750723 30.808819 22.717683 27.274778 11.949421 15.429334 15.795759 25.026465 35.035187 25.655945 -1.000000 32.149130 6.935047 24.493301 43.599070 27.269269 34.150204 28.942148 10.876314 24.169185 39.819741 30.290476 16.941059 33.941230 27.361792 37.842379 13.629042 26.941456 22.188422 21.029329 24.101208 20.744818 24.488076 9.921349 27.955492 9.114606 29.204861 35.726133 9.739655 34.322310 6.016310 18.440816 22.368441 14.696022 22.728216 9.737812 17.637678 13.873767 10.279728 32.906348 15.847210 42.436611 11.161040 18.372514 39.403042 22.863490 36.568509 21.192225 9.479082 14.181659 12.837753 21.469747 13.473072 10.455363 11.459501 18.882126 27.627924 29.492707 23.566404 10.227074 13.374823 34.186137 6.001447 39.632533 21.677186 15.773733 18.268561 21.543933 39.510420 36.133117 17.520323 22.157511 9.342442 26.670728 21.775245 18.334755 14.894174 33.677499 34.149391 28.310947 8.241365 31.457998 17.136161 30.778200 37.293876 33.513648
25.671518 41.697529 11.701415 32.896266 36.874048 2.610548 23.009723 41.532058 26.989429 33.711828 44.812340 38.526008 7.643396 11.944884 32.149130 -1.000000 25.556030 14.779998 13.081617 31.484245 9.586039 38.293820 22.199794 45.575803 10.700844 29.266681 21.346737 13.224502 41.252795 19.606054 20.298225 29.494560 41.350151 29.907933 9.135877 34.570534 13.427347 30.726124 12.097431 40.524387 39.140781 36.019214 22.581345 43.753142 37.678978 22.391958 18.098869 30.670200 18.472643 35.017471 33.176470 34.881455 41.125848 1.677899 16.366777 13.922106 24.390240 28.425865 15.638828 28.204614 22.250636 23.347862 23.998093 17.968600 44.495567 13.919001 25.456127 31.071758 21.963309 30.018809 29.866236 39.633762 14.345816 30.545362 27.340965 15.406536 27.680579 43.387161 52.147033 36.825719 46.177841 52.474916 41.546236 17.940988 44.222053 43.149566 34.442223 6.421158 11.499136 41.506956 46.929655 22.182511 38.208074 5.598971 36.728287 25.439867 29.350010 8.514234 22.193196 7.975963
15.273846 24.030437 14.328549 30.293544 15.880000 24.067300 17.040262 26.012035 11.628834 17.796734 20.137768 23.295170 28.120517 20.468615 6.935047 25.556030 -1.000000 17.704527 36.714530 26.873713 27.215225 26.335455 3.976907 25.278550 32.905872 25.350918 13.973567 27.068103 25.987127 31.201514 6.794108 22.381475 22.231226 17.234980 17.241324 18.569958 19.562930 8.440107 22.879465 14.989302 26.788271 31.490208 4.536092 32.158183 12.124863 12.627584 18.574874 15.914179 19.052135 14.144397 19.355006 13.618847 17.026088 26.209516 9.609274 35.504219 9.077345 18.188085 32.520507 18.388280 30.198861 19.020327 2.911783 7.724462 18.949243 16.337816 12.291861 9.054078 7.380570 15.395455 23.079928 27.160476 16.728268 12.140771 9.352631 27.398918 2.646528 36.380055 27.008156 15.871463 22.075415 27.161933 35.872046 29.441207 20.647358 22.945308 10.646425 19.863345 14.883336 19.759015 21.395248 27.443088 30.621237 22.142475 11.806471 25.769519 17.455492 23.843800 30.882818 26.585587
11.199540 27.314549 12.430845 19.458520 23.743440 12.221610 8.248188 26.863077 25.393925 32.774357 33.285592 23.897415 12.712954 19.681157 24.493301 14.779998 17.704527 -1.000000 21.244576 36.465098 10.841007 23.516556 13.741853 31.655934 17.128887 15.146818 22.722877 9.580728 26.566513 13.628125 10.910423 14.824228 27.295227 15.360649 7.246977 20.232288 20.196602 19.127271 21.506629 30.920472 24.361496 22.216888 17.441216 29.037154 28.644893 8.619564 23.159779 30.051672 23.739156 31.121323 33.382323 22.084024 34.714009 14.260093 13.302525 19.060762 22.082490 29.988512 15.036269 13.460424 13.379325 27.164644 15.014221 13.190478 34.796518 18.028294 24.744147 19.259549 18.891940 15.814492 15.250079 24.854436 1.230972 27.803331 14.785164 9.697489 18.668594 29.312221 40.917195 23.684125 34.048829 41.573222 27.713538 11.797442 31.816476 29.307250 23.071402 8.917885 6.714723 28.313304 37.713595 11.329207 23.837949 15.772482 26.087404 12.320900 30.143802 8.102125 13.901197 10.907517
32.016370 47.764078 24.134854 33.369795 44.974607 13.284538 28.538521 46.628646 39.842642 46.719574 54.380603 43.899327 8.720415 24.854718 43.599070 13.081617 36.714530 21.244576 -1.000000 44.179123 10.432940 42.221121 32.935752 52.537524 4.125825 31.422164 34.393755 13.087506 46.267562 16.215129 30.489294 33.139560 48.125133 35.878131 19.502920 40.909237 26.397522 40.111259 24.580686 51.257612 43.114120 36.780914 34.515599 46.713869 48.654126 29.858711 31.103573 43.679193 31.446952 47.620436 46.246390 43.326564 53.174933 11.664708 28.420527 3.854303 37.068138 41.507161 10.117539 33.456481 20.172185 36.365867 34.607468 29.683855 55.223772 26.991116 38.391297 40.310555 34.398425 36.742336 33.248626 43.586976 21.586357 43.288690 35.959049 14.762086 38.430433 44.142558 61.971675 44.914333 55.261602 62.533534 41.901326 15.704046 53.052109 50.266650 44.036965 17.030936 21.831341 49.519818 57.931595 21.950772 40.073682 18.634015 46.825516 26.693420 42.425001 13.321011 19.617191 10.442005
40.529655 50.774267 24.258415 54.585710 42.272678 32.378939 40.797859 52.883507 15.581258 13.604567 42.521021 50.159558 38.624431 19.568412 27.269269 31.484245 26.873713 36.465098 44.179123 -1.000000 39.683076 52.958305 28.084577 51.264847 42.185027 49.663540 14.130987 42.124446 52.860824 48.375344 29.680088 47.522371 48.770826 43.479715 30.403486 45.413509 18.188355 35.111810 19.599110 34.972861 53.478778 56.554579 22.998448 58.878530 32.215995 36.892605 13.838819 12.846672 13.340896 20.167266 11.053909 40.111031 27.993592 33.116368 23.629468 45.405864 17.800503 8.925643 46.253954 43.941702 49.424160 9.301921 28.780964 24.588261 37.510975 18.961115 14.593548 35.736889 20.122174 41.914635 48.186923 53.875488 35.247162 17.219051 35.976253 43.730475 29.070804 62.393561 46.824066 42.278171 45.211146 46.134502 61.519388 46.433832 44.721788 49.115697 36.173581 30.914333 29.882954 45.462714 37.863388 47.755921 56.533182 25.947613 35.509220 48.313396 10.151581 36.913473 49.770102 38.201162
21.615134 37.485065 16.553563 24.904927 34.546900 7.653773 18.192511 36.537798 32.217862 39.482961 44.085426 33.727743 2.662279 20.334636 34.150204 9.586039 27.215225 10.841007 10.432940 39.683076 -1.000000 32.414401 23.300021 42.156809 6.307415 22.097958 27.718411 3.932613 36.193790 10.048375 20.672165 23.297872 37.751954 25.543492 10.701980 30.557824 21.559755 29.861047 21.091783 41.329479 33.302129 28.224314 25.682193 37.289924 38.861608 19.439524 25.873555 36.509313 26.350626 39.304199 39.472076 32.921270 44.079695 8.051071 20.000568 8.360809 29.133260 35.193224 6.575610 23.214430 12.997260 30.878594 24.861752 20.856520 45.264353 20.935012 31.053885 30.028385 26.157391 26.334914 23.494564 33.785948 11.272180 35.320295 25.608195 6.173808 28.669623 35.689734 51.703132 34.486298 44.888477 52.318039 33.635322 8.477176 42.656681 39.867161 33.801900 9.056993 12.649210 39.087336 48.076080 13.550659 31.029930 14.193239 36.703012 17.652852 35.804850 3.411406 12.823920 1.615787
13.458573 8.756956 33.075981 12.165829 14.621015 35.722116 15.342305 5.566193 37.963719 43.736164 24.580992 4.906514 34.909569 41.118992 28.942148 38.293820 26.335455 23.516556 42.221121 52.958305 32.414401 -1.000000 24.925988 14.397590 38.290868 11.192787 39.206510 29.161582 5.127045 27.468155 23.785831 9.118305 11.083806 9.660702 30.130380 8.207142 41.060170 19.068677 43.352071 28.210447 0.893096 10.194324 29.959891 5.998344 28.239995 17.353497 42.307152 42.164230 42.883322 38.665784 45.542547 15.636536 37.023823 37.696404 30.779376 38.954414 35.251403 44.468390 32.889003 10.300269 23.701607 44.407361 24.186480 29.200223 30.363432 38.079374 38.517224 18.505481 32.852888 11.043979 8.972585 1.371556 24.049487 38.092586 17.023060 27.491239 24.590819 10.935014 30.770680 14.562739 23.195599 32.158715 11.440382 27.120567 20.874524 13.357067 20.323574 32.299818 28.509418 15.957171 33.460519 20.941216 6.511096 38.750109 23.287498 15.971765 43.789021 30.836178 24.534520 33.179474
12.665062 23.976270 11.559672 27.448838 16.642602 20.532252 13.813393 25.437099 13.745276 20.603709 22.769904 22.529566 24.291306 18.623176 10.876314 22.199794 3.976907 13.741853 32.935752 28.084577 23.300021 24.925988 -1.000000 26.093880 29.073741 22.461485 14.300604 23.091963 25.345605 27.279055 2.843112 19.806887 22.564035 15.395478 13.561198 17.750333 17.983815 9.371322 21.057175 18.427925 25.485012 28.956241 5.202867 30.887607 15.728814 9.453603 17.963298 18.353947 18.503707 17.728664 21.839213 14.381932 21.002737 22.721425 7.258297 31.614908 10.659366 19.845983 28.545975 16.003285 26.402060 19.504244 1.812396 5.266987 22.409044 14.726049 13.897838 9.881900 7.965737 13.898247 20.496041 25.899533 12.753861 15.106245 8.189725 23.431357 5.531862 34.384339 29.978176 16.617172 24.394145 30.276837 33.648963 25.501257 22.683112 23.667295 12.603447 16.257498 11.151030 20.969614 25.018013 23.727753 28.541216 19.300938 14.562994 22.392354 19.402526 19.946872 27.063642 22.719489
20.547969 5.709323 37.103605 26.383951 9.472132 43.258493 24.004579 8.990500 35.704572 39.472756 12.717703 10.037576 44.293161 44.653289 24.169185 45.575803 25.278550 31.655934 52.537524 51.264847 42.156809 14.397590 26.093880 -1.000000 48.426110 24.248104 39.229511 39.670139 9.408272 39.666847 26.542505 20.979085 4.420031 16.698035 36.509403 11.659521 44.073788 16.927141 47.078015 19.084252 13.838339 24.591007 29.781512 16.054844 20.595093 23.264443 43.761255 38.860269 44.261790 33.186990 41.771492 11.750869 28.776902 45.462121 33.293391 49.782250 33.959852 42.339898 44.299499 19.302500 36.332605 44.178917 24.563704 31.332902 19.605565 40.818864 36.905885 16.346682 32.658614 15.851644 21.229621 13.677875 31.662021 34.395204 18.622276 38.495696 22.722736 23.667561 17.157964 9.492247 10.379374 18.692758 24.974231 38.864037 8.751650 2.458199 15.101167 39.159773 34.297457 5.835055 22.205396 33.252920 20.737998 44.303420 16.141620 28.545473 41.212184 39.740758 37.204058 42.481629
27.897621 43.684191 20.869422 29.852294 40.851913 10.218971 24.433807 42.609103 36.688182 43.730973 50.308761 39.852609 4.785370 22.638371 39.819741 10.700844 32.905872 17.128887 4.125825 42.185027 6.307415 38.290868 29.073741 48.426110 -1.000000 27.623943 31.539984 9.132154 42.253405 13.119154 26.563456 29.186526 44.015761 31.778664 15.805404 36.805718 24.097036 36.052278 22.733180 47.317194 39.183035 33.248168 30.923263 42.915388 44.760110 25.739061 28.730597 40.702918 29.126079 44.247482 43.423293 39.212825 49.533759 9.081761 24.931140 3.222132 33.792619 38.828560 7.244963 29.383324 16.908637 33.951824 30.712817 26.071213 51.274108 24.273381 35.330738 36.240537 31.004878 32.622281 29.322632 39.659924 17.496070 40.026665 31.864098 10.972621 34.536743 40.668201 57.910711 40.791491 51.160743 58.492393 38.484103 12.283441 48.942590 46.149445 39.984592 13.504336 18.055222 45.394697 54.020769 18.360565 36.390057 16.268009 42.813895 22.959684 39.640631 9.274596 16.454912 6.407411
10.125566 18.639437 26.882374 4.990047 20.494187 26.657531 8.871877 16.355016 36.188679 43.011217 31.570455 14.292372 24.709043 34.603438 30.290476 29.266681 25.350918 15.146818 31.422164 49.663540 22.097958 11.192787 22.461485 24.248104 27.623943 -1.000000 35.533498 18.538046 15.935546 16.284274 20.251697 3.730839 20.116414 10.026544 22.376548 13.687697 34.938645 21.008473 36.552401 32.815067 12.067053 7.128604 27.592254 15.295337 31.788536 13.029969 37.274945 40.815302 37.866618 39.320491 44.300481 20.245659 39.984204 28.378142 26.104068 28.009192 33.021193 42.026519 21.825471 7.555963 12.515356 40.506685 22.555936 25.082384 35.902249 32.402794 36.182190 20.677187 30.064182 12.210615 3.215367 12.501659 16.069293 37.421665 16.923504 16.670625 24.638265 14.192102 38.731221 20.422044 31.012123 39.889622 12.576039 16.024851 28.541543 22.547332 23.959855 23.961189 21.439656 23.750313 39.110439 9.775249 8.988820 30.906306 27.410007 4.811296 41.745704 21.119315 13.354924 23.091617
26.481848 37.897051 11.236511 40.460939 29.853026 21.321341 26.666935 39.629106 6.511536 12.396476 32.675716 36.772913 27.280672 10.743939 16.941059 21.346737 13.973567 22.722877 34.393755 14.130987 27.718411 39.206510 14.300604 39.229511 31.539984 35.533498 -1.000000 29.487887 39.560252 35.384835 15.626385 33.419735 36.187073 29.615798 17.441117 31.990880 9.186319 22.407698 12.502154 25.942907 39.778703 42.429316 9.573334 45.179342 22.856684 22.790938 5.633820 9.362802 5.893500 14.988103 11.883512 27.592201 22.522191 22.731164 9.573696 34.687658 5.783632 7.501922 34.202000 29.906278 35.967320 5.203730 15.282635 10.458158 29.392581 7.458540 4.633042 23.017395 6.618861 28.194700 34.079547 40.196406 21.492443 10.277161 22.430422 30.809572 16.507093 48.359265 38.521632 29.844819 35.019640 38.260093 47.428473 33.433106 33.965358 36.912353 24.350377 18.661559 16.412980 33.633546 30.834124 34.050547 42.495610 15.975653 24.669177 34.290348 8.117010 24.569845 36.395316 26.428896
19.302529 34.760833 18.262945 21.087950 32.581725 11.016974 15.705948 33.545668 33.396399 40.767792 42.601462 30.837816 6.565793 23.155103 33.941230 13.224502 27.068103 9.580728 13.087506 42.124446 3.932613 29.161582 23.091963 39.670139 9.132154 18.538046 29.487887 -1.000000 33.182670 6.502682 20.312188 20.063446 35.250146 22.972317 12.050343 28.011852 24.237269 28.591112 24.177649 40.495674 30.054009 24.437096 26.182337 33.813615 38.221961 17.719829 28.291026 37.869095 28.804584 39.947755 40.992094 31.133477 44.089226 11.789987 21.000826 10.112122 30.186481 36.987617 5.468745 20.455340 9.100625 33.090949 24.482454 21.509993 44.360598 23.182365 32.415080 28.680988 27.082022 24.016903 20.191692 30.530083 10.392501 36.242120 24.118932 2.244884 28.196760 31.898437 50.247847 32.517426 43.175402 50.969425 29.805607 4.730017 40.863921 37.456544 32.524360 11.216755 13.451898 37.013151 47.290956 9.660783 27.385814 17.313723 35.613638 13.953531 37.448897 5.291891 8.981978 5.384450
15.646018 4.040441 34.778155 17.288977 11.887631 38.744687 18.337739 0.439214 37.480169 42.627172 20.536185 2.867939 38.584603 42.763413 27.361792 41.252795 25.987127 26.566513 46.267562 52.860824 36.193790 5.127045 25.345605 9.408272 42.253405 15.935546 39.560252 33.182670 -1.000000 32.062433 24.762316 13.269652 6.731677 11.416893 32.648484 7.601066 42.516504 17.930062 45.091358 25.134950 4.469808 15.250200 30.047810 7.479556 25.657444 19.284970 43.219116 41.374701 43.775512 37.055256 44.630393 13.505524 34.420911 40.822267 31.875863 43.155423 35.062690 44.127371 37.251709 13.127555 28.416615 44.743431 24.280559 30.116308 26.793789 39.395378 38.274253 17.314355 33.007766 11.890131 13.306606 4.274613 26.908358 37.100589 17.157163 31.672940 23.877282 14.611331 26.200955 11.846484 18.825474 27.654790 15.690920 31.558135 16.647666 8.713821 18.188320 35.031435 30.774738 11.928596 29.767366 25.525724 11.331854 41.092877 20.684402 20.597659 43.279757 34.296673 29.267150 36.809281
20.464625 34.323455 24.267576 17.368077 33.807721 17.490020 16.837170 32.466576 38.788279 46.188584 44.473288 30.101816 12.402130 29.603928 37.842379 19.606054 31.201514 13.628125 16.215129 48.375344 10.048375 27.468155 27.279055 39.666847 13.119154 16.284274 35.384835 6.502682 32.062433 -1.000000 24.435944 18.864628 35.310451 23.335414 18.032433 28.196791 30.641109 31.137435 30.673327 43.430181 28.346805 20.774519 31.048509 31.261620 41.473194 20.103217 34.574460 43.377502 35.102665 44.749251 46.614047 32.728817 48.116405 18.097384 26.447567 12.456439 35.506355 42.847999 6.098420 20.535734 4.024286 39.245340 28.414103 26.643823 47.133571 29.414881 37.973591 31.101590 32.334947 24.871992 18.764274 28.784891 14.746842 41.365310 26.488909 4.647131 31.893574 28.029982 52.062497 33.738257 44.638117 52.955188 25.745193 1.952649 42.222274 37.664080 34.943614 17.569406 19.025046 37.918546 50.203075 6.539007 24.343736 23.815681 38.254370 11.498669 43.193058 11.767632 3.404075 11.640583
10.857352 23.839371 10.563104 25.237215 17.256802 18.439419 11.446034 24.900861 16.017279 23.089344 24.518210 21.901955 21.796772 18.234547 13.629042 20.298225 6.794108 10.910423 30.489294 29.680088 20.672165 23.785831 2.843112 26.542505 26.563456 20.251697 15.626385 20.312188 24.762316 24.435944 -1.000000 17.862629 22.728835 14.129004 11.363807 17.194954 17.833852 10.500694 20.633158 20.768524 24.415627 26.956081 7.432198 29.783540 18.205042 7.260522 18.550487 20.696977 19.120888 20.512700 24.170229 15.082558 23.811157 20.665950 7.113555 29.017222 12.793826 21.786507 25.774631 14.280059 23.593239 20.779193 4.197327 5.417648 24.737130 14.660277 15.931404 10.901338 9.814285 12.963775 18.535399 24.855836 9.944598 17.699159 7.984703 20.605288 7.997608 32.734361 31.907742 17.220642 25.909486 32.310879 31.841991 22.659604 24.026526 24.087185 14.145892 14.122094 8.923050 21.778971 27.457320 20.960018 26.870882 17.980574 16.524212 19.836490 21.497872 17.359425 24.245515 20.174326
7.155193 15.500993 25.611291 8.119756 16.775092 26.897088 7.155219 13.659794 33.537928 40.156136 27.855375 11.240419 25.803389 33.544805 26.941456 29.494560 22.381475 14.824228 33.139560 47.522371 23.297872 9.118305 19.806887 20.979085 29.186526 3.730839 33.419735 20.063446 13.269652 18.864628 17.862629 -1.000000 16.731637 6.327987 21.802848 10.050968 33.713987 17.465284 35.633076 29.131294 10.007775 9.151936 25.002207 14.263508 28.178965 10.630280 35.640729 38.093075 36.231036 36.159144 41.573681 16.518394 36.474826 28.795499 24.221205 29.936364 30.460214 39.596459 23.983788 4.079656 15.375845 38.504313 19.685997 22.987516 32.183581 30.975358 33.679328 17.103318 27.625479 8.535449 0.698645 10.489758 15.525052 34.517206 13.580184 18.452461 21.443615 15.117013 35.055119 16.702871 27.346968 36.195556 14.014674 18.293272 24.875062 19.146740 20.294645 23.733211 20.498243 20.127376 35.392118 12.357380 9.328347 30.457881 23.734021 7.566640 39.205990 21.799468 16.244068 24.083888
16.153929 2.773805 33.245068 22.624076 6.511091 38.998603 19.588967 6.417968 33.199657 37.617509 13.804514 6.287513 39.905659 40.944949 22.188422 41.350151 22.231226 27.295227 48.125133 48.770826 37.751954 11.083806 22.564035 4.420031 44.015761 20.116414 36.187073 35.250146 6.731677 35.310451 22.728835 16.731637 -1.000000 12.278005 32.329209 7.239736 40.454273 13.792995 43.353884 18.739973 10.709786 21.155930 26.634016 14.147726 19.609693 18.981212 40.447566 36.701189 40.968789 31.649784 39.788457 8.668100 28.241734 41.189605 29.646108 45.362250 31.166738 39.883988 39.890012 14.894377 32.033156 41.250611 21.157154 27.725372 20.141524 37.220798 34.242234 13.177225 29.570690 11.480748 17.026315 10.676175 27.335333 32.291957 14.745591 34.080731 19.802036 21.322477 19.688178 6.501183 12.164307 21.088166 22.287817 34.476852 9.930195 2.433076 12.849262 34.945998 30.166198 5.221395 23.071223 28.929581 17.590898 40.277698 14.749002 24.283700 38.869342 35.367483 32.906210 38.094644
4.241162 11.980995 23.583889 14.319360 10.767329 27.432179 7.351013 11.666732 28.770256 34.967625 21.808841 8.631476 27.771999 31.618115 21.029329 29.907933 17.234980 15.360649 35.878131 43.479715 25.543492 9.660702 15.395478 16.698035 31.778664 10.026544 29.615798 22.972317 11.416893 23.335414 14.129004 6.327987 12.278005 -1.000000 21.232839 5.039870 31.490358 11.304471 33.897120 22.803342 10.315042 14.700527 20.520677 15.658989 21.896722 7.915493 32.647201 33.147322 33.222998 30.492716 36.589476 10.260828 30.295056 29.549543 21.123531 33.084369 25.904254 35.138910 27.659072 2.850511 20.363266 34.808850 14.831315 19.541081 25.881132 28.467031 29.172861 10.895107 23.358400 2.228250 6.946274 10.768019 15.593382 29.293553 7.943918 21.827643 15.877518 19.147663 29.181886 10.695269 21.557912 30.238976 18.684733 22.358287 19.098922 14.511886 13.973428 23.639047 19.370549 14.609027 29.088622 17.180734 13.394542 29.688888 17.407546 13.012254 34.563046 23.311833 21.232897 25.967103
17.004617 32.809346 6.241863 26.695169 27.740381 7.089763 14.832447 32.898939 21.549585 28.860779 35.844320 29.856496 11.053480 12.554452 24.101208 9.135877 17.241324 7.246977 19.502920 30.403486 10.701980 30.130380 13.561198 36.509403 15.805404 22.376548 17.441117 12.050343 32.648484 18.032433 11.363807 21.802848 32.329209 21.232839 -1.000000 25.699477 13.224696 21.664705 14.284108 31.986003 30.938012 29.460670 15.133897 35.845016 29.276258 13.479176 16.693864 25.918219 17.246013 28.634725 28.979981 25.746444 33.728742 9.328530 9.302574 18.607406 18.436523 24.938841 16.938649 19.851916 19.086846 21.222594 15.301382 10.279875 35.966690 11.493205 20.455620 21.988553 15.457992 21.124493 22.282762 31.426865 6.325196 24.618324 18.205162 13.413282 19.092305 36.513694 43.268210 27.692405 37.118383 43.672823 34.950083 16.081511 35.125327 34.073255 25.441620 2.772197 2.440763 32.372258 38.568260 17.741632 30.968676 8.659202 27.886916 19.474769 25.405990 7.345222 19.390598 9.713759
9.034191 7.127077 27.356858 17.087611 7.099198 32.148608 12.371913 7.714771 30.156879 35.665373 18.017793 4.782427 32.753966 35.292043 20.744818 34.570534 18.569958 20.232288 40.909237 45.413509 30.557824 8.207142 17.750333 11.659521 36.805718 13.687697 31.990880 28.011852 7.601066 28.196791 17.194954 10.050968 7.239736 5.039870 25.699477 -1.000000 34.993876 10.910832 37.644514 20.442593 8.466081 16.487495 22.511993 13.697448 20.195065 12.220780 35.620187 34.213634 36.175759 30.475615 37.545918 7.605084 28.939572 34.304499 24.305790 38.123803 27.617623 36.756401 32.665882 7.689272 25.051858 37.182002 16.726016 22.527013 22.995248 31.848173 30.855303 10.332769 25.464170 4.576565 10.478929 8.772646 20.364896 30.052245 9.566806 26.847457 16.618995 19.041658 25.052568 7.030314 17.327556 26.237556 19.224805 27.298806 14.858498 9.504335 12.195514 28.220083 23.673953 10.076418 26.175925 21.903964 13.917654 33.947248 15.306867 17.435987 35.979554 28.255269 25.925690 30.945541
27.622429 41.665823 8.103077 39.528816 34.626377 14.190632 26.561647 42.675013 15.632852 21.313312 39.592420 39.648982 20.436076 1.618258 24.488076 13.427347 19.562930 20.196602 26.397522 18.188355 21.559755 41.060170 17.983815 44.073788 24.097036 34.938645 9.186319 24.237269 42.516504 30.641109 17.833852 33.713987 40.454273 31.490358 13.224696 34.993876 -1.000000 27.294021 3.488925 33.589634 41.769620 42.066106 15.198474 47.017229 30.499559 23.715329 4.715260 18.341583 5.051594 24.119074 20.351573 32.363770 31.412155 15.016371 10.808203 27.317851 14.064566 15.382319 28.113345 30.933418 32.166386 9.977709 19.577713 12.744271 37.306505 3.263665 13.797736 27.831620 13.029484 30.638150 34.287863 42.234278 19.092322 19.408431 25.770576 26.009490 22.191243 48.789085 46.088882 34.600983 41.626723 46.022859 47.444735 28.734084 40.199096 41.641705 30.136356 13.077110 13.555111 38.912202 39.102204 30.961608 43.041901 7.832491 31.290075 32.515952 16.517541 18.957798 32.397622 20.049109
