n_nodos R alpha CityArea
200 250 0 2323
ID_Nodo Costo_C Demanda_D Potencia_f Rango_s Es_Remoto_T
0 438678 1747 1804 49 0
1 1736690 821 1009 69 0
2 1372791 1075 1824 76 0
3 1502159 256 1351 24 1
4 1610097 1209 1539 46 0
5 3447598 2418 2169 46 0
6 3110046 1669 1626 20 0
7 1047254 4128 3187 43 0
8 2237543 168 1297 59 1
9 434612 4137 2652 53 0
10 3146454 1530 2166 25 0
11 2909279 926 1031 33 0
12 2758169 4947 3945 65 0
13 723331 2980 2935 22 0
14 3108598 1155 1443 22 0
15 862836 3467 2860 20 0
16 3132716 4008 3099 33 0
17 3196565 2283 1783 48 0
18 2651469 4126 3137 31 0
19 3296658 1063 1422 48 0
20 342267 773 977 68 0
21 2679673 1459 1377 55 0
22 2807255 1376 1756 29 0
23 2587840 1948 1609 64 0
24 1667058 2178 2455 57 0
25 2024158 1588 1812 79 0
26 1152960 1491 1982 54 0
27 2806802 2820 2140 36 0
28 1092654 2648 2378 30 0
29 911761 3760 2476 62 0
30 2696399 553 816 72 1
31 284531 1692 1420 36 0
32 2255005 1725 1740 26 0
33 3071124 2261 2227 76 0
34 3085093 1904 1611 43 0
35 148208 683 1814 44 1
36 3442066 638 1794 30 1
37 2559208 4693 2963 22 0
38 1062395 487 1656 49 1
39 348793 692 1128 48 0
40 556099 4395 2775 36 0
41 3105385 4523 3409 31 0
42 2471316 1083 1189 69 0
43 1125116 121 652 30 1
44 1664407 2931 2742 44 0
45 851849 1354 2170 38 0
46 834518 1758 1515 72 0
47 215287 4816 3812 32 0
48 3097054 1456 1397 60 0
49 1487719 4966 3922 54 0
50 1657957 1274 1511 64 0
51 862207 970 1290 58 0
52 301888 4021 3162 65 0
53 3055588 1200 1923 73 0
54 2082043 541 1761 41 1
55 623061 3710 2903 73 0
56 2126027 789 1122 79 0
57 2754629 3331 2763 52 0
58 2929928 1110 1659 28 0
59 964486 1990 2215 69 0
60 128841 2936 2684 61 0
61 2554324 608 1288 31 1
62 1265409 2572 2660 56 0
63 3353240 320 1410 36 1
64 2633384 163 613 25 1
65 2707345 474 948 38 1
66 2765291 3652 3228 59 0
67 2411589 3022 2476 38 0
68 2614655 2719 2332 52 0
69 698138 4891 3229 62 0
70 2178487 3784 3374 38 0
71 2825681 4274 2977 42 0
72 1882484 1134 2051 21 0
73 478425 1185 1924 43 0
74 2879044 2103 1987 37 0
75 384282 214 980 47 1
76 666623 467 1303 69 1
77 1715112 4889 3757 31 0
78 527853 4201 3034 62 0
79 884417 1833 1901 24 0
80 384464 3013 2337 78 0
81 1345828 2730 1875 69 0
82 2250680 4044 3133 73 0
83 3443423 934 1091 79 0
84 328534 1932 2370 34 0
85 1528223 859 1659 73 0
86 2491514 365 1341 32 1
87 1603493 3912 3110 74 0
88 1302723 4812 3001 69 0
89 211056 2520 2715 47 0
90 2876716 4355 2874 39 0
91 2528131 4885 3630 68 0
92 2009770 2088 2132 21 0
93 1345583 2580 2201 25 0
94 2740640 4189 3562 65 0
95 247220 2781 2044 25 0
96 1546825 2108 1575 48 0
97 1712237 486 1130 37 1
98 1978569 79 1152 61 1
99 777929 3812 2748 74 0
100 373903 3106 2165 37 0
101 1436391 4112 3090 30 0
102 1837943 2955 2638 77 0
103 1180856 2152 1600 42 0
104 299797 2752 2555 65 0
105 690436 1864 2166 38 0
106 3372752 1411 2059 75 0
107 206289 1826 2099 76 0
108 1871729 3615 2503 33 0
109 1566006 4633 3397 58 0
110 909782 528 1070 36 1
111 3463499 585 1715 58 1
112 2869134 2259 2285 41 0
113 1271728 1872 1817 26 0
114 2450197 2945 2832 62 0
115 1361747 2572 2368 23 0
116 1912064 2715 1957 47 0
117 935024 2266 2166 74 0
118 1231000 4178 2740 27 0
119 157155 3327 3159 42 0
120 2984862 2316 2531 61 0
121 2882289 2614 2524 52 0
122 431891 1073 1443 77 0
123 404298 1835 2341 57 0
124 2361413 2346 2635 23 0
125 3146060 4184 2657 49 0
126 3485315 3960 3312 35 0
127 3425946 3216 2577 20 0
128 1556242 990 1173 27 0
129 1622149 1957 1854 49 0
130 1263038 4566 3633 67 0
131 2516961 3973 2968 77 0
132 3471708 2198 2547 35 0
133 1001668 3198 2754 35 0
134 646032 4510 3480 79 0
135 353592 3530 2687 66 0
136 823747 1799 2096 44 0
137 3002478 3542 3093 28 0
138 2694332 1442 1698 38 0
139 1303765 2727 1952 41 0
140 2293778 3481 3082 70 0
141 1827148 2769 2493 77 0
142 3331608 70 1144 22 1
143 3391032 4953 3975 31 0
144 822329 2697 2188 21 0
145 1645409 1424 1770 20 0
146 2913998 249 947 21 1
147 313865 528 1640 42 1
148 1973564 1024 1487 24 0
149 1857099 607 1378 54 1
150 1882999 2859 2709 32 0
151 498854 584 1636 65 1
152 2387767 3495 2886 68 0
153 2001203 3296 3044 65 0
154 1804604 1201 2016 56 0
155 1503492 1316 1737 36 0
156 2174938 4217 3580 74 0
157 1576561 4181 2640 38 0
158 2049281 4130 3273 32 0
159 3004602 3246 2708 38 0
160 3373718 3036 2901 48 0
161 3366692 530 799 57 1
162 2938491 3327 3061 33 0
163 1487774 4757 3610 37 0
164 1619608 920 1866 63 0
165 1535154 1243 1340 66 0
166 1414577 1431 1814 76 0
167 1752451 2995 2030 61 0
168 2132882 4880 3596 65 0
169 2136689 79 1399 25 1
170 909796 1080 1146 64 0
171 2162298 774 1772 27 0
172 2993586 631 1779 79 1
173 1291996 4802 2964 30 0
174 2038892 4024 3302 53 0
175 3190232 1385 2111 58 0
176 3315556 2931 2820 55 0
177 2086802 2514 2140 75 0
178 300593 4126 2699 60 0
179 154726 4698 3757 57 0
180 3067581 3751 3055 78 0
181 3391122 388 1298 43 1
182 2336425 4707 3772 27 0
183 1527602 150 911 42 1
184 2950039 1745 1384 26 0
185 3131263 3503 3002 75 0
186 2426641 1854 1795 26 0
187 1364504 4012 3292 70 0
188 2664258 4965 3959 59 0
189 1561481 4668 3565 64 0
190 2186677 2730 2695 58 0
191 1160558 2389 2565 33 0
192 2670842 4924 3790 44 0
193 1000165 3090 2627 49 0
194 2103520 4374 3411 54 0
195 3355175 2901 2841 30 0
196 1740043 4279 2829 48 0
197 3055496 829 1018 62 0
198 1369302 620 1746 40 1
199 718215 997 1169 40 0
Matriz_Distancias
-1.000000 9.715275 27.126187 6.989924 20.404472 2.600176 25.258048 19.042540 7.272632 15.844677 22.826725 12.111536 17.130013 8.403416 16.405384 8.606430 18.180517 34.363433 25.751188 8.698496 24.440850 20.238828 12.880897 16.313632 27.965833 20.888511 25.605616 17.991678 15.561884 17.479046 19.914028 21.863239 21.172676 14.797244 18.469803 9.225938 17.759180 24.025890 16.996471 25.240703 13.991791 7.574146 26.789473 10.397392 20.259066 8.596101 29.753637 17.971119 28.103303 9.143797 11.309268 31.180409 12.667113 8.128294 8.362720 3.388619 20.385236 27.794591 25.306926 20.177535 19.256930 28.898967 29.992471 16.621339 17.152005 17.526290 28.254247 15.234855 23.367158 19.375913 16.170555 2.772575 18.346050 10.854793 27.371755 4.434632 10.189499 21.878089 17.042983 13.007003 20.211172 19.253207 13.768805 28.565383 23.021394 27.351919 3.466385 20.112469 12.168218 31.600561 22.382694 29.587388 8.143525 15.980338 5.498370 17.845531 22.387574 29.522189 30.428171 16.700683 26.146369 26.074444 13.543886 15.437298 10.077811 9.685497 16.532367 21.323494 25.148441 26.374102 11.264755 12.720376 25.188659 18.866860 21.461308 15.904752 21.874829 10.063682 10.140961 22.988478 13.336336 21.980733 28.754872 25.007688 9.466252 21.067844 13.375821 23.024388 4.483044 15.147795 16.448040 24.251877 25.307375 4.549466 22.636201 23.016117 31.560269 5.272530 16.483352 16.607705 20.037820 28.074654 13.102868 17.439565 13.764574 12.345623 26.757203 22.971069 19.271627 6.941041 6.354838 15.199868 25.724515 17.566009 30.355170 22.791947 22.835854 6.795942 19.757919 27.895356 6.433802 18.102310 30.441223 8.307669 12.642174 27.562233 22.976092 13.442151 18.982101 25.024167 16.283429 31.509548 10.473395 20.705856 7.579053 22.093027 17.582732 6.038980 18.235891 6.587128 10.408429 17.773457 17.422642 14.169125 24.946875 2.289448 19.497652 19.833521 9.889829 26.922850 32.653723 23.114395 15.166584 10.854986 26.186559 24.584340 25.999305 21.723375 19.595354 20.238528
9.715275 -1.000000 24.568315 6.289596 11.732944 7.799627 27.670462 26.066089 7.427124 9.670303 18.120080 5.687377 26.677387 18.106847 25.953695 2.977152 25.614932 24.650930 35.237899 9.123679 28.111553 29.949717 14.736518 25.075171 18.631906 22.489709 18.575879 26.980507 15.651704 26.807119 27.824247 14.512325 24.129731 9.591913 9.008377 7.676004 19.247694 25.738785 17.396519 17.296919 19.506443 16.566965 26.120166 1.338877 10.700502 10.014505 39.175882 12.042725 31.192061 18.825667 19.031435 40.654695 14.255356 10.188875 1.798134 7.361039 29.395517 25.876494 34.946577 23.279624 27.731410 19.701387 39.433427 21.048322 24.380331 18.770109 30.225850 12.430329 28.636739 15.435354 22.333401 12.485671 26.208454 11.103275 37.065202 11.178988 5.841958 12.183059 26.560478 22.551240 11.390075 28.419217 17.073971 18.859314 21.990019 18.436360 6.933616 27.934077 14.722103 21.990880 32.097958 27.497854 7.735672 17.580776 8.268137 13.970147 27.538155 19.814651 31.252992 21.639242 16.431222 16.935700 5.480297 9.518576 12.707490 18.015887 25.531141 26.207850 16.729146 36.006663 13.620625 8.208523 17.010027 22.872066 19.129748 20.981293 17.725190 19.776099 13.583432 18.322557 22.271965 31.315249 38.430696 29.304753 12.386597 12.797860 21.950101 25.527655 5.881584 23.792719 13.310003 14.623288 23.038211 14.111996 26.783831 25.942004 32.017376 14.665111 15.947146 18.461640 29.752680 18.485189 10.445065 24.681254 21.148584 6.450076 36.104562 25.689209 20.472979 10.503609 12.238735 22.107225 26.152941 8.079473 30.085378 28.855202 17.674590 9.415853 12.245708 26.689405 14.088387 10.506292 28.938387 2.713262 14.147414 31.237182 20.858674 10.732598 17.740342 18.990339 12.830323 21.838184 20.089446 17.943816 5.040313 25.008098 26.699866 11.015412 17.346129 11.470959 20.003003 10.751073 8.491874 15.453979 15.251568 11.154447 28.478287 13.383218 9.146626 17.968790 22.938592 19.911477 14.541535 11.014514 30.529555 28.993808 16.345190 31.381796 13.523788 10.690269
27.126187 24.568315 -1.000000 29.687721 19.131654 24.848094 13.395302 24.901770 30.794172 15.438303 7.745294 30.098952 34.991294 31.178956 39.542301 27.280589 25.896499 33.902057 40.770524 32.754555 51.211035 40.662506 38.359487 41.829774 34.527212 46.513036 13.293920 42.889761 39.931310 33.588512 46.227609 36.617705 14.119137 33.936430 28.187203 31.789660 11.824504 11.202001 41.656316 37.919354 19.840799 27.123620 5.189943 25.715501 28.398741 33.357115 43.359957 13.449350 54.684822 31.272834 24.587036 45.010150 37.960072 33.249908 23.635909 28.073106 44.985796 2.044557 42.176508 46.632141 44.966140 23.354633 43.722537 43.501990 24.825923 42.817533 54.241893 12.413487 50.484458 39.769274 21.528412 28.534651 27.460316 35.057316 44.911483 31.369864 19.062512 25.557058 40.251243 36.818636 19.691608 33.747257 40.107767 30.584381 5.144902 21.099531 24.349931 28.188800 38.019976 34.535118 41.962656 3.050638 31.438979 12.898421 21.669552 38.384437 49.490985 29.527354 11.094118 18.614766 28.361279 34.333311 29.073058 15.397190 17.609384 36.335615 31.184205 19.258263 36.462715 42.929590 36.934443 32.757343 37.222430 16.535639 5.699579 42.933832 41.879470 32.480052 36.319323 7.553888 29.206795 36.703099 45.641816 51.979001 35.298317 33.869298 27.819554 49.236666 27.341107 40.957336 11.358430 25.267636 1.869152 30.436268 49.539201 14.268783 10.787566 31.370548 10.803944 12.895179 39.920598 26.378646 14.621068 44.294120 24.243156 18.130092 40.363677 13.706283 44.585306 32.793849 33.214495 42.228641 8.007249 27.648184 7.996623 23.393212 8.773545 32.027658 15.834110 4.041650 33.542944 33.169349 4.966245 22.656996 15.056539 18.079438 4.160414 35.287648 8.239593 10.290640 37.353060 29.563432 31.366416 42.443787 21.239491 48.499389 32.416101 32.491568 41.855329 21.201697 31.148471 15.622514 29.662643 39.348831 26.754219 26.033170 44.258700 13.302202 17.423755 35.795626 32.368833 44.277610 38.941089 34.990441 19.488428 51.578904 30.345074 39.648813 12.639213 23.341689
6.989924 6.289596 29.687721 -1.000000 17.962530 6.901387 30.539512 25.904824 1.164157 15.613389 23.860532 5.512719 23.577119 14.643210 21.305993 3.472522 25.109782 29.270404 32.195568 3.073996 22.009932 25.838832 8.747195 19.591974 21.980094 16.829671 24.827067 21.622625 10.334936 24.165264 21.874316 14.988966 26.630285 7.807979 12.999835 2.470140 22.404798 28.947907 12.026064 18.462564 20.332545 14.539043 30.487651 5.998596 14.871474 3.809236 36.250859 17.994920 25.239314 15.465292 18.230502 37.605644 8.314063 3.912019 6.341802 3.605115 24.010487 30.767352 31.462912 17.232830 22.024253 25.610254 36.466547 14.785651 24.039806 13.129812 24.570504 17.276256 22.355847 12.615343 22.778861 9.218554 25.324346 5.381785 33.295296 5.899265 10.679269 17.429752 21.837937 17.993213 17.586564 26.029957 10.877099 23.474333 26.434956 24.518993 6.670069 27.091557 8.577866 26.033723 28.077788 32.479782 1.765840 20.614112 9.507821 11.060219 21.260149 24.783556 34.997744 22.893839 21.316881 19.919960 7.416467 15.378396 14.868302 12.542263 23.406956 27.582786 18.548028 32.540439 7.467451 5.730457 18.489182 24.733874 24.048995 14.691949 15.117845 16.142154 7.303148 24.054460 20.257016 28.618339 34.755486 23.113136 6.114827 14.497329 20.356784 19.656503 2.990378 18.267217 18.342439 20.055509 28.020094 10.150107 20.595405 28.495949 35.949731 10.372243 19.966088 21.398151 25.811853 23.936187 15.082246 18.583395 20.651156 12.095646 33.348780 28.354986 14.898917 4.297873 6.366729 15.976101 30.013700 12.199847 34.332485 29.452167 23.538877 3.179049 18.510465 31.299179 8.627540 11.384519 33.703988 7.167558 17.039480 33.432689 25.734784 6.764024 22.155460 25.084993 9.546173 26.999399 16.934690 14.324454 8.482810 19.027409 24.398926 5.074586 12.581028 12.176060 16.913412 16.928097 11.434337 9.666986 20.410265 9.213200 23.084921 19.492035 12.678609 20.598330 27.663762 16.641557 9.505432 5.321290 32.306530 22.785947 20.678354 27.858736 19.548371 16.397635
20.404472 11.732944 19.131654 17.962530 -1.000000 17.938340 27.785380 31.754591 19.062259 6.611736 11.386854 15.092874 35.988901 28.291239 36.753635 14.509358 31.842267 16.955969 44.121459 20.580176 39.225739 40.159969 25.928161 36.505653 15.480935 33.036321 8.135598 38.307675 26.122505 35.613547 39.497777 18.375683 25.528977 18.119866 9.872275 18.906478 20.256974 25.371264 27.812808 19.072668 24.665148 25.660462 22.784624 12.010295 9.577121 21.548269 47.788441 6.763107 42.007047 28.871732 26.462772 49.378538 25.413587 21.800906 12.360066 18.833001 40.717455 21.012175 44.350518 34.359732 39.279251 8.696356 48.090246 32.548455 30.511504 29.423661 40.570611 11.716989 40.172660 23.348866 27.592136 23.067511 32.897927 22.234620 46.732834 22.767233 10.822625 6.426421 37.407933 33.374015 0.606009 36.840311 28.477486 12.249549 19.136715 6.955669 17.004211 34.412749 26.089852 16.252775 42.158933 22.137467 19.235383 19.300057 16.456863 22.281766 39.063884 11.896377 28.931901 25.735656 9.720480 15.201885 13.156375 7.092963 17.684789 29.527333 33.832656 29.419823 17.488517 45.359688 25.021554 17.843421 18.311014 25.704520 15.463420 32.594112 24.966092 29.985269 25.176157 11.580290 30.718313 39.947589 47.958748 40.588504 23.968345 15.419383 29.950369 36.298490 17.413588 35.261756 11.486775 6.600496 18.314498 24.952167 38.077937 26.955874 29.151742 25.659911 15.930185 20.141012 39.801304 9.228931 11.632258 36.406901 27.896905 8.654633 44.610208 26.508697 30.978977 22.224011 23.948524 33.838730 24.163335 9.640216 26.592597 33.081923 10.389968 21.124588 3.391743 22.577880 25.661985 15.617366 24.091540 12.148953 17.290990 32.338276 16.916119 20.685074 16.044474 9.939220 21.758982 12.984824 29.862759 26.368108 13.047816 35.957012 35.124913 22.740880 27.114740 18.884087 29.723962 4.672997 11.886862 26.407851 8.041560 21.079027 39.814990 5.974305 13.671956 16.664891 15.191333 27.659392 24.832159 22.132290 32.513322 40.315799 11.391476 40.944037 6.758220 4.282469
2.600176 7.799627 24.848094 6.901387 17.938340 -1.000000 23.934294 19.214101 7.567554 13.246360 20.297012 11.243197 18.893566 10.499913 18.816031 7.403209 18.535934 32.360853 27.439726 9.342441 26.459399 22.419058 14.256144 18.905701 26.374692 22.430332 23.006502 20.560758 16.609147 19.010896 22.502103 21.057640 19.935777 14.424116 16.773971 9.355575 16.076421 22.511221 18.168295 24.267305 13.433497 8.787881 24.807192 8.702654 18.495370 9.526079 31.376911 15.372255 30.040510 11.164101 11.713358 32.855327 13.964743 9.193343 6.233503 3.713066 22.947047 25.613650 27.193307 22.032630 21.856464 26.500131 31.633913 18.688543 17.395994 18.914974 29.967148 12.777579 25.659671 19.509587 15.925601 5.131445 18.919801 11.681124 29.368656 6.522800 7.594232 19.784662 19.469614 15.436214 17.771216 20.648470 15.527270 26.597956 20.932781 24.893571 0.941870 20.679113 13.683986 29.788679 24.510155 27.394241 8.438393 14.275369 3.213581 17.952094 24.653612 27.438282 28.778848 15.996698 24.115684 24.593213 12.311779 12.837492 8.358586 12.272523 17.792748 20.684246 23.991896 28.247905 12.682849 12.408741 24.126900 17.896959 19.157705 18.086029 22.009613 12.194301 11.773093 20.462489 14.537451 23.520858 30.706565 27.146668 10.913419 19.933181 14.323819 24.793553 3.924018 17.745926 13.981395 22.067133 23.053572 7.058436 24.727527 21.799610 29.841184 7.833875 14.358692 14.982080 22.151951 25.845579 10.610732 19.967553 14.034458 9.762720 28.310798 21.697362 20.691407 8.317490 8.373975 17.674008 23.943910 15.850497 28.479795 22.601634 20.278277 7.838785 17.185219 25.829535 8.887747 17.151763 28.346246 5.982269 10.788152 26.613744 20.719587 13.661080 16.796956 22.435813 16.446591 29.350738 12.352499 21.183722 5.002078 23.936016 18.936288 7.750169 19.126254 5.310822 12.253740 15.188038 15.985979 15.458693 22.843015 3.367313 22.064958 17.233381 7.470560 25.539326 30.626778 23.525932 16.017921 11.656920 25.428400 26.740063 24.135121 23.647502 16.997066 18.017760
25.258048 27.670462 13.395302 30.539512 27.785380 23.934294 -1.000000 13.942790 31.385801 21.781495 18.241973 33.217568 25.981097 25.478947 32.314150 29.491549 15.327822 44.402852 29.807696 33.243105 49.223571 31.867508 38.091643 35.984154 42.802286 46.146321 24.806573 36.425904 40.543440 24.144109 40.845977 41.920889 4.137985 37.040017 34.477682 32.991297 8.429541 2.482046 42.092360 44.182870 12.357032 21.516220 8.426763 29.007714 35.351990 33.460105 31.720075 21.024334 53.006294 25.213041 17.368446 33.313250 37.838441 33.112547 26.096658 27.647359 38.094455 11.888606 31.717428 45.271336 39.009207 34.382050 32.090537 41.447251 14.695322 42.753509 53.437385 16.596322 47.264023 42.710897 12.183282 25.346439 16.903816 35.602704 34.439881 29.621142 21.985327 33.740722 32.968436 30.413236 28.190991 23.629807 38.985681 40.033849 9.565910 32.043025 23.935518 17.014576 37.419343 44.037930 32.622928 12.911032 32.222936 10.102021 21.036609 41.169367 46.441713 39.522430 6.488905 9.760431 37.494527 41.977802 33.091077 21.438724 15.672382 32.312643 21.735884 7.403772 43.144932 32.280393 36.486758 35.309916 43.686461 7.009657 12.952504 40.485728 45.131404 26.220774 35.398970 18.154535 20.916737 26.152264 34.870734 49.462586 34.690523 39.710296 19.433509 48.182825 27.608092 35.472439 16.456420 34.385576 12.409449 26.734919 47.276481 2.455745 7.997853 27.595708 12.282704 9.242111 30.974733 36.571781 17.816231 39.918102 15.793236 22.456654 28.987807 2.323631 44.511935 32.117264 31.521562 38.451292 5.433523 33.691509 8.730634 10.958179 19.321820 31.752881 24.497536 10.064031 30.803034 37.992098 11.772989 25.046169 13.630500 4.836521 12.150268 37.182932 11.742012 21.904412 39.798867 40.161466 24.665161 44.788116 22.843204 47.184782 22.725341 31.296598 43.031576 18.731034 24.441102 23.212497 35.175658 39.340610 35.815118 23.303067 37.555395 22.072826 18.536247 43.346530 42.704448 47.014832 39.924055 35.574001 6.108995 48.994648 38.974979 29.898499 21.241228 31.300082
19.042540 26.066089 24.901770 25.904824 31.754591 19.214101 13.942790 -1.000000 26.304029 25.166064 26.314488 30.422140 12.414397 14.926908 19.550154 26.513756 1.539403 48.489504 16.050645 27.707773 39.642844 18.211880 31.072923 24.025257 44.281160 38.247325 32.291532 23.973458 34.118612 10.431153 28.954794 40.195668 11.084817 33.612838 34.787095 28.241707 13.687174 14.817475 35.328926 43.265516 7.092100 12.170984 21.063387 27.265867 36.235169 27.487977 18.458199 25.770198 43.494395 14.327934 7.761708 20.108732 30.997592 26.950993 24.268988 22.335977 25.273073 24.088408 17.809895 36.509532 26.787163 40.028916 18.820936 32.351245 1.927196 35.434613 44.671727 20.493020 36.743522 38.416981 4.173552 17.626171 2.992162 29.745483 20.545198 22.434330 22.051007 36.187608 20.128466 18.448930 31.922365 9.706327 31.019017 43.161948 19.836682 37.847811 19.763761 3.287254 30.151619 46.874186 18.771241 25.569962 27.179978 13.555487 17.801031 36.882825 36.109633 43.363241 20.401012 6.603730 40.517070 42.816272 31.254816 24.673840 14.243242 22.335239 8.148708 6.551647 42.790790 18.419884 29.493771 31.571111 43.037904 8.368738 21.534481 31.110051 40.916916 14.939973 28.079077 26.334397 8.494565 12.236078 21.061870 39.414662 27.791075 38.817270 7.267798 39.499300 23.048439 23.842415 21.197311 37.771742 23.298429 18.085517 37.569920 11.768297 21.922173 18.673305 17.201874 13.026501 17.277650 40.950867 20.132125 28.884586 5.281756 23.710950 15.485043 12.209005 37.026055 25.571633 24.026661 28.047744 18.294331 33.867131 22.517830 4.603555 27.104431 25.693422 29.210516 22.770634 22.350120 36.233696 24.999243 23.468467 14.519593 12.727634 21.823909 32.483938 18.798990 30.016320 35.324422 44.708291 13.204711 39.675281 21.230438 38.329831 8.952160 24.361653 36.910565 14.596741 13.017042 27.271597 34.554522 32.432444 38.953576 16.756854 24.880389 27.535671 18.437121 43.944405 46.701589 42.103031 33.942278 29.760214 10.426356 38.914068 41.252410 15.985570 26.807148 33.895666
7.272632 7.427124 30.794172 1.164157 19.062259 7.567554 31.385801 26.304029 -1.000000 16.777167 25.015289 6.002099 23.408785 14.480726 20.769161 4.553027 25.453118 30.005275 31.998359 1.967452 20.846991 25.418672 7.602994 18.816108 22.515660 15.718991 25.980714 20.878490 9.315870 24.094323 20.928746 15.098008 27.439766 7.724587 13.744457 1.966489 23.317688 29.843455 10.982975 18.642614 20.935817 14.705775 31.518059 7.066600 15.615934 2.646030 36.066212 19.158456 24.086047 15.315613 18.581028 37.390432 7.179264 2.761890 7.504609 3.999619 23.249999 31.851526 31.169503 16.073959 21.165759 26.616618 36.272246 13.630987 24.419609 12.031089 23.451536 18.380718 21.210143 12.116445 23.301513 9.244771 25.597233 4.330720 32.929881 5.418828 11.812892 18.329278 21.277677 17.503682 18.676103 26.001300 9.713137 24.229237 27.480649 25.569609 7.454203 27.361552 7.415400 26.671853 27.670494 33.571100 0.882927 21.521205 10.355229 10.578922 20.112521 25.599414 35.947904 23.543342 22.131322 20.408141 8.068363 16.540894 15.718095 11.816439 23.450627 28.224638 18.844775 32.247358 6.305002 5.658761 18.725675 25.462313 25.144472 13.558917 14.619050 15.915614 6.156419 25.208718 20.349728 28.510773 34.407869 21.949684 4.962041 14.836667 20.533513 18.513980 3.781142 17.483203 19.458028 20.976265 29.115834 9.954341 19.431734 29.305760 36.921549 10.073286 20.986470 22.289041 25.433671 24.848199 16.179205 17.582179 21.030592 13.255471 33.209590 29.180584 13.806282 3.316029 5.570243 14.963964 30.987154 12.978632 35.343843 29.961635 24.699036 2.195248 19.660471 32.354379 7.967916 11.660352 34.772677 8.320225 17.954442 34.176258 26.823801 6.190288 23.208013 26.248996 9.024873 27.845893 16.814253 13.626248 9.566388 17.873589 24.398938 4.280759 11.659483 12.877548 16.808505 18.088536 12.053505 8.554975 21.278773 9.549787 22.324738 20.655526 13.702551 21.017509 28.423724 15.988191 8.560591 4.280571 32.991377 21.623381 21.397449 27.570441 20.712496 17.384611
15.844677 9.670303 15.438303 15.613389 6.611736 13.246360 21.781495 25.166064 16.777167 -1.000000 8.486652 14.868758 30.077853 22.976447 31.675094 12.608158 25.293420 23.530258 37.975133 18.623081 37.621834 34.620772 24.300636 32.148074 21.021060 32.154172 9.762102 33.764087 25.321093 29.528341 35.675699 21.330535 19.190314 18.618755 13.131311 17.309004 13.878236 19.455926 27.065912 22.986396 18.083391 19.900153 17.970471 10.629762 13.728971 19.422544 41.540568 2.384630 40.797234 23.458413 20.169637 43.151958 23.837278 19.486984 9.275181 15.225068 36.132305 16.998790 38.382538 32.828589 35.101089 14.966855 41.852491 30.314642 23.962330 28.432493 39.894329 5.269848 37.785431 24.407720 20.998370 18.243712 26.391890 20.724121 40.853529 19.115893 5.660044 11.994122 32.358974 28.379292 6.841022 30.627168 26.484347 18.578854 13.967587 12.903655 12.395723 27.873309 24.189702 22.516239 36.512599 18.465506 17.235449 12.789133 11.002887 23.065853 36.710320 18.436574 23.792833 19.125787 15.960899 20.246334 13.671035 0.506058 11.220972 25.464482 27.623711 22.875623 21.728623 39.363882 23.079466 17.618262 22.379475 19.165626 10.531810 30.071125 26.465934 24.635506 22.831131 8.692564 24.599039 33.761822 42.011622 38.709547 21.677249 18.714774 23.722947 35.157357 14.038461 30.992201 5.344193 12.961992 14.133031 20.237832 36.195595 20.718580 24.255111 21.055493 9.602640 13.653261 34.176342 15.839818 5.033964 32.941445 21.450235 3.625668 38.353788 20.306514 30.141604 19.467333 20.648846 30.507801 18.783672 12.474366 21.946655 26.485814 8.004340 18.487356 4.302054 18.165085 21.852090 17.764173 20.138571 8.548783 10.681442 26.157527 12.213752 20.297333 10.230296 9.509963 22.129519 19.596433 24.277008 27.166316 8.305157 34.595508 28.932736 19.607743 26.941345 12.896924 24.115992 2.206949 14.349817 25.085620 14.302179 15.961132 35.262895 4.023290 7.440107 21.642215 21.755579 28.911269 24.197157 20.639828 26.159275 38.371603 17.249627 35.073218 3.948615 9.549981
22.826725 18.120080 7.745294 23.860532 11.386854 20.297012 18.241973 26.314488 25.015289 8.486652 -1.000000 23.344021 34.197689 28.603842 37.339140 21.020332 26.924308 26.660639 41.166862 26.914846 45.828401 39.422249 32.601944 38.699265 26.796719 40.558344 6.570058 40.073734 33.764299 33.184345 42.667771 29.113618 17.209955 27.055893 20.610404 25.697049 12.755833 15.763946 35.508546 30.257022 19.875106 24.890829 11.770677 19.113420 20.720618 27.654473 44.285037 6.196949 49.099771 28.899198 23.628017 45.942651 32.155535 27.658848 17.544853 22.956226 42.343207 9.651528 42.100922 41.086078 41.774510 16.307828 44.628693 38.354726 25.668244 36.834902 48.307825 7.752313 45.684678 32.801256 22.333038 24.797884 28.327670 29.088431 44.748793 26.653372 13.300572 17.811833 38.047540 34.264151 11.949038 33.817264 34.656369 22.990180 8.747058 13.979739 19.597040 29.461202 32.418168 26.975227 41.047486 10.755018 25.540492 12.777974 17.408961 31.493008 44.634785 22.069318 18.021903 19.715041 20.695424 26.588733 22.053647 8.602387 14.999532 32.473686 30.953753 22.034125 28.763996 42.981336 31.309585 26.102405 29.541526 18.554299 5.336272 37.988639 34.785578 30.127456 30.930694 0.210302 28.378580 36.939821 45.704775 46.815611 29.816141 26.298634 27.188863 43.499464 21.950431 37.660796 6.546687 17.580256 7.064241 26.806276 44.317529 18.138135 18.049140 27.704613 9.232278 13.292456 38.818117 18.961477 9.748064 40.260821 24.080769 11.784359 41.140894 17.603322 38.560500 27.472475 28.350941 37.962908 13.684862 20.127860 15.382159 26.146919 1.120594 26.565616 8.111158 11.323035 29.180536 25.818063 12.708042 16.695309 13.020154 23.061019 6.197187 28.782725 7.573415 3.793445 30.595530 22.337624 29.365148 35.607476 15.841838 42.887935 32.264763 27.431858 35.425498 18.057656 29.169001 8.141872 22.217421 33.448252 19.068386 22.312840 41.530507 5.632619 13.030608 28.051505 25.050598 37.291911 32.661091 29.008545 23.836987 46.455379 22.628661 39.132815 5.058583 15.608565
12.111536 5.687377 30.098952 5.512719 15.092874 11.243197 33.217568 30.422140 6.002099 14.868758 23.344021 -1.000000 29.025078 20.104427 26.760085 3.941401 29.776704 24.116792 37.654062 6.547313 24.196852 31.345784 11.088542 24.742294 16.515671 17.949937 22.824754 26.829325 11.030506 29.532573 26.545053 9.821100 29.572052 3.904783 7.958509 4.701029 24.819627 31.345891 12.728700 13.130786 24.289825 19.660124 31.797642 4.423330 9.804340 7.586999 41.698700 17.157842 26.914683 20.916838 22.953326 43.072109 10.559182 8.077133 7.125885 8.805479 29.183876 31.472081 36.965035 19.338531 26.975872 21.656574 41.920697 17.937680 28.624935 14.331613 25.539064 18.093253 25.519937 9.754622 26.968647 14.577049 30.151642 7.487737 38.807977 11.367187 11.527291 12.946995 27.274912 23.473716 14.597219 31.348232 13.807293 18.385712 27.666612 20.940742 10.658555 31.913856 11.445408 20.691323 33.587360 33.062837 5.592980 23.115576 12.923349 8.309601 24.404619 19.877371 36.931719 26.631982 16.424792 14.424026 2.259783 14.808196 17.920006 17.793854 28.643806 31.284269 13.084743 38.042227 10.474248 2.808359 13.084140 28.107012 24.744400 18.237897 12.040010 21.630649 11.056677 23.551463 25.440479 34.012113 40.267186 25.645215 9.902814 9.014715 25.406421 21.206562 7.645988 23.404170 18.934530 15.641587 28.619587 15.639558 23.157185 31.407206 37.703955 15.883785 21.624389 23.980440 31.324228 19.434127 16.131360 23.041286 25.273467 11.989697 38.764472 31.181884 15.893015 9.155161 11.537252 20.410915 31.834489 7.296784 35.767334 33.611902 22.781490 8.097140 16.584053 32.339309 13.969362 5.990827 34.555208 8.183202 19.613933 36.622697 26.475578 5.627804 23.424347 23.729567 7.267390 22.193549 22.362639 12.344840 10.384040 20.888080 29.688013 10.261383 12.214425 16.026215 22.329863 15.505001 6.088015 11.402021 15.738991 14.163762 28.260084 18.211413 14.690026 15.085628 22.577396 14.243094 9.751773 7.377432 35.777385 25.402893 15.506261 33.360372 18.499347 12.478468
17.130013 26.677387 34.991294 23.577119 35.988901 18.893566 25.981097 12.414397 23.408785 30.077853 34.197689 29.025078 -1.000000 8.935814 7.791467 25.722242 10.891292 51.235267 8.633486 24.021787 30.179980 5.889409 25.173247 12.965491 45.095720 30.616905 39.067043 12.304850 28.460519 2.101379 17.645824 38.506162 22.520733 31.093497 35.575344 25.286545 23.167623 26.389914 29.171402 42.029025 15.161247 10.354709 32.072689 27.482216 37.340092 23.367882 12.674789 31.537961 33.914840 8.112061 10.599565 14.060016 25.306093 22.730579 25.120947 20.253150 13.175841 34.640132 8.370851 28.105548 15.228985 44.685148 12.895839 23.950440 11.307039 28.674262 35.764685 26.879834 26.475288 34.451912 13.995666 14.483754 9.485546 25.331040 10.775701 18.142679 25.172956 38.629279 8.222014 8.220657 35.948216 3.902489 24.060087 45.486688 29.869957 42.820124 19.794263 10.237468 24.109344 48.663417 6.972236 36.307348 24.133169 22.210748 19.576055 33.093758 26.068675 46.270545 32.465476 16.827518 42.986152 43.194788 30.627634 29.580616 19.382733 14.354584 4.279120 18.781623 42.107725 9.399856 23.865416 29.053097 42.066208 19.450159 30.447598 22.517240 36.783547 7.531948 22.318423 34.282426 5.847224 5.252480 11.969861 29.492995 22.567719 38.039690 7.175999 30.962904 21.557458 13.240660 27.943980 40.814895 33.196027 13.455141 28.095332 23.631571 33.962101 13.397262 25.194407 22.110285 5.024729 44.504631 25.550982 18.553248 10.788372 27.337264 9.813757 23.982070 29.934032 21.218335 18.919197 18.559317 29.626139 34.663470 34.190899 16.760133 34.696067 21.865374 34.376656 33.700599 16.470305 34.960066 36.143020 24.765736 21.177736 25.141378 31.266119 28.852767 27.478244 37.472318 31.534311 48.100709 6.672535 34.771249 23.174063 29.693961 3.587624 19.845090 31.256895 17.188045 6.724040 32.274483 34.545047 26.466997 41.670878 15.527792 12.930923 33.502328 22.647603 44.011931 49.491252 37.182203 28.775263 25.390262 22.823295 28.983931 43.022326 5.002185 32.963654 36.744736
8.403416 18.106847 31.178956 14.643210 28.291239 10.499913 25.478947 14.926908 14.480726 22.976447 28.603842 20.104427 8.935814 -1.000000 8.768706 16.896716 13.599663 42.757624 17.553341 15.174266 24.740512 11.920490 17.005871 10.766744 36.291190 23.533788 32.519543 11.710879 20.244895 9.686351 15.471302 29.574964 21.426584 22.181624 26.851776 16.372979 19.960675 25.030027 21.192522 33.093286 13.129346 4.127018 29.473426 18.796673 28.652615 14.585077 21.607882 24.795402 28.593720 0.845587 8.197517 22.968057 17.049686 13.956732 16.678948 11.368564 13.847947 31.335173 16.938209 21.617486 13.893611 36.925436 21.823527 17.440484 13.069844 21.009120 29.753237 20.880172 22.085866 25.776209 13.830545 5.659280 13.071521 16.647767 18.968524 9.285530 17.579967 30.237323 9.470336 5.686643 28.166428 11.676601 16.445017 36.964321 26.371825 35.235292 11.438595 14.675205 15.987253 39.995542 14.016348 33.119741 15.218028 18.487519 11.987094 24.367787 21.370238 37.889421 31.576562 15.753302 34.531136 34.346288 21.757200 22.509626 13.778122 7.409523 9.456466 19.543964 33.181809 18.010280 15.552924 20.132304 33.132261 18.473460 25.903401 16.184336 28.168207 1.697599 14.026698 28.729115 6.871779 14.041666 20.357440 24.602147 14.069984 29.118338 7.741363 24.602806 12.720549 10.077644 22.066643 32.558595 29.310655 4.528398 22.677870 23.029373 32.936531 4.582505 20.492418 18.751898 11.661509 36.345068 19.109199 14.480028 10.287764 19.805789 18.728923 23.189248 22.484008 12.442429 10.282369 13.273642 27.633812 25.953971 32.422911 19.422542 28.872360 13.007529 27.167181 30.895575 8.043334 26.027389 33.473337 16.482172 16.188436 26.317755 27.103889 20.054592 23.028701 31.414671 22.793441 39.836760 2.383338 26.357268 15.244417 23.419233 10.188900 11.073630 23.079340 10.551787 2.429234 25.089129 25.710117 18.353751 33.303052 7.221854 13.092630 26.754290 15.878331 35.128466 41.041716 28.797517 20.375112 16.697058 24.389611 24.108171 34.401866 13.342726 26.352418 28.515088
16.405384 25.953695 39.542301 21.305993 36.753635 18.816031 32.314150 19.550154 20.769161 31.675094 37.339140 26.760085 7.791467 8.768706 -1.000000 24.202984 18.014258 50.410349 13.650737 20.750542 22.862630 5.254475 20.232261 5.339673 43.273101 24.243222 41.269649 4.524668 23.427809 9.853795 9.859656 35.414165 28.509835 27.924528 34.207153 22.368769 27.988644 32.314474 23.769897 39.058585 20.419334 12.520797 37.382718 26.416803 36.064826 19.873276 17.491604 33.541246 26.496927 8.441048 15.283981 18.396734 20.497056 19.248276 24.738986 18.695879 5.787378 39.531285 11.779513 21.380450 7.441890 45.298131 17.573715 17.413695 18.108694 22.917203 28.604255 29.632627 18.887552 30.143689 20.136930 13.692185 16.809308 21.403840 12.792834 15.407488 26.189282 38.121534 0.711947 3.404603 36.585425 11.661417 18.481269 44.593127 34.593597 43.709171 19.752257 17.821916 19.166980 47.320084 7.446865 41.286432 21.292515 26.681353 20.672434 28.973064 18.573727 45.713925 38.696738 22.663190 42.285428 41.177210 28.720457 31.216486 22.423634 9.388319 11.595292 25.506535 39.476538 12.779171 19.240213 26.050133 39.257956 25.421931 34.435557 15.940615 32.256795 7.212029 17.771926 37.460315 11.426503 12.060089 14.352798 21.996161 18.382396 35.542470 12.897127 24.077918 20.170825 5.933089 30.812271 40.574002 37.683819 11.876211 20.811939 29.878909 40.141290 11.289031 29.017269 26.815486 5.734577 44.424442 27.877820 11.104759 16.526277 28.412458 15.472277 30.146121 23.908311 17.859804 15.389884 11.642181 35.258364 33.359651 39.991482 24.085340 37.628166 18.789177 35.819438 38.900770 12.852077 32.326027 41.444629 24.711355 24.730960 32.143474 35.542681 25.130819 31.512776 40.182627 27.510588 47.785481 8.175950 29.862482 23.744904 22.791215 11.268134 16.595981 26.057800 19.307413 8.394445 33.758197 32.739540 21.374261 41.184898 15.751852 5.331529 35.494554 24.644174 41.767714 48.748610 32.159267 24.043346 21.487710 29.925375 21.490408 41.881272 8.663231 35.107061 36.598836
8.606430 2.977152 27.280589 3.472522 14.509358 7.403209 29.491549 26.513756 4.553027 12.608158 21.020332 3.941401 25.722242 16.896716 24.202984 -1.000000 25.898660 26.210027 34.350040 6.162126 25.135453 28.497734 11.759410 22.853815 19.394602 19.548224 21.536508 24.837629 12.750132 26.078437 25.304853 13.685564 25.771322 7.572715 10.030229 4.705902 21.141049 27.696271 14.492966 16.864171 20.348672 16.021196 28.555083 2.526260 11.874321 7.079244 38.358730 14.987968 28.219539 17.675061 19.107318 39.779097 11.278419 7.296759 3.668369 5.573553 27.241504 28.509633 33.834791 20.302484 25.376428 22.157170 38.595990 18.117576 24.731094 15.825652 27.292769 14.984432 25.722446 13.235620 23.030762 11.252405 26.318613 8.130723 35.812351 8.963831 8.275981 14.112394 24.771939 20.831391 14.124080 27.823584 14.116498 20.393755 24.440814 21.046978 6.759223 28.075719 11.756243 23.185269 30.700683 30.167281 4.780755 19.403781 8.987446 11.708166 24.619803 21.584421 33.454080 22.701714 18.131366 17.472754 4.956492 12.432568 14.053341 15.775331 25.045103 27.361129 16.624826 34.906993 10.658125 5.834997 16.732762 24.220523 21.753202 18.098402 15.640483 18.502134 10.683172 21.220727 21.810475 30.583702 37.230269 26.339470 9.478656 12.553263 21.686732 22.560830 4.176167 21.542978 15.946617 16.699420 25.697615 12.593808 23.818535 27.617817 34.296233 12.998214 18.184903 20.250604 28.388158 20.585614 12.887404 22.046641 21.394151 9.267227 35.362511 27.412400 17.542131 7.767990 9.732417 19.443681 28.384619 9.164933 32.484095 29.671147 20.606712 6.651323 15.201990 29.219570 11.826161 9.753005 31.532089 4.701226 15.861701 32.781594 23.472218 8.058517 20.157691 21.964737 10.415667 23.743163 19.053883 15.509956 6.679408 22.032642 26.136527 8.458630 14.575047 12.085162 18.998230 13.728214 8.823091 12.486351 17.133381 10.490299 26.317609 16.357373 11.049049 18.318473 24.559503 17.615846 11.686729 8.043246 31.886428 26.032738 17.684992 30.237503 16.486030 12.966874
18.180517 25.614932 25.896499 25.109782 31.842267 18.535934 15.327822 1.539403 25.453118 25.293420 26.924308 29.776704 10.891292 13.599663 18.014258 25.898660 -1.000000 48.457351 14.904608 26.789891 38.268978 16.707752 29.968260 22.518393 43.985455 37.021080 32.760577 22.443780 33.054399 8.926754 27.444427 39.581334 12.287369 32.866709 34.437316 27.404653 14.457218 16.081085 34.223928 42.717847 7.270287 11.074849 22.225505 26.779898 35.934609 26.524505 17.530205 26.034201 42.118049 12.969364 6.879384 19.189169 29.911644 25.972425 23.824565 21.518148 23.734226 25.169198 16.534893 35.212288 25.263872 40.223793 17.886982 31.039862 1.331143 34.274867 43.352038 20.793431 35.305593 37.544207 4.591412 16.605045 1.602175 28.772674 19.278570 21.395251 21.876185 36.059457 18.590667 16.955488 31.981762 8.305257 29.819950 43.054216 20.791034 38.077378 19.139787 2.592455 29.027973 46.711996 17.318998 26.692969 26.322636 14.148720 17.354025 36.020591 34.686388 43.333155 21.804984 7.356385 40.416140 42.460191 30.706062 24.794910 14.198059 20.995085 6.619291 7.976786 42.306219 17.189545 28.403255 30.810050 42.520285 9.433730 22.287603 29.778884 40.037991 13.529326 26.965735 26.955278 7.032890 10.967449 19.862150 38.005747 26.724537 38.301891 5.877886 38.199467 22.306867 22.356087 21.567113 37.732985 24.248398 16.939634 36.190952 13.094935 23.321618 17.485441 17.733539 13.698490 15.779910 40.997153 20.270018 27.426903 4.504538 23.632136 14.481019 13.512346 35.843059 24.565845 22.933146 26.640619 19.516002 33.511930 23.830035 6.105091 27.671293 24.740328 29.413958 23.922767 21.169414 35.645279 26.202717 23.069303 14.749332 14.256836 22.677968 31.611095 19.481057 30.579975 34.453300 44.748556 11.793528 38.711785 20.879640 37.018785 7.459704 23.326555 35.860748 14.164456 11.612466 27.433936 34.104941 31.330002 38.877580 15.910634 23.343887 27.846446 18.354995 43.555209 46.668956 41.147635 32.924253 28.791919 11.963515 37.503702 41.064071 14.570732 27.141150 33.807013
