n_nodos R alpha CityArea
8 250 0 100
ID_Nodo Costo_C Demanda_D Potencia_f Rango_s Es_Remoto_T
0 590409 4520 3382 50 0
1 143328 1453 2173 46 0
2 2267806 381 690 27 1
3 411803 3030 2108 71 0
4 3299494 1002 1222 48 1
5 144179 4941 3576 44 0
6 2086178 4236 2618 47 0
7 2111215 1812 1545 66 0
Matriz_Distancias
-1.000000 5.234568 4.780945 4.204186 6.261526 5.449539 1.719305 3.422327
5.234568 -1.000000 0.456600 1.733508 2.221360 10.147368 6.256554 5.985016
4.780945 0.456600 -1.000000 1.409528 2.351088 9.701857 5.829966 5.587808
4.204186 1.733508 1.409528 -1.000000 2.071724 8.636029 5.575399 4.294094
6.261526 2.221360 2.351088 2.071724 -1.000000 10.333141 7.643357 5.722715
5.449539 10.147368 9.701857 8.636029 10.333141 -1.000000 5.917922 4.699029
1.719305 6.256554 5.829966 5.575399 7.643357 5.917922 -1.000000 5.042131
3.422327 5.985016 5.587808 4.294094 5.722715 4.699029 5.042131 -1.000000
Coordenadas
4.946016455380215 7.605366880088843
2.280831044493362 3.1000934868533205
2.5547392375721136 3.465412045626973
3.963299097227769 3.517648174965624
3.77315097691124 1.4546685649615498
9.965742301546493 9.726646847174504
4.081972003331971 9.091784379924901
7.718939948397136 5.59957103722125
