n_nodos R alpha CityArea
6 250 0 100
ID_Nodo Costo_C Demanda_D Potencia_f Rango_s Es_Remoto_T
0 2192962 206 1201 26 1
1 640028 3240 2540 64 0
2 2780856 3906 3150 62 0
3 1728428 280 829 31 0
4 660145 500 957 60 0
5 135302 4905 3353 28 0
Matriz_Distancias
-1.000000 4.542143 7.107698 10.799662 9.740846 7.926948
4.542143 -1.000000 2.722508 6.621052 7.007799 4.927893
7.107698 2.722508 -1.000000 5.506834 7.579701 5.673949
10.799662 6.621052 5.506834 -1.000000 4.326270 3.961699
9.740846 7.007799 7.579701 4.326270 -1.000000 2.080189
7.926948 4.927893 5.673949 3.961699 2.080189 -1.000000
Coordenadas
9.890115134756002 0.4852200090644587
5.495447268447254 1.6332444820826675
2.8144730195506282 1.1595071149794445
0.772895660791727 6.2739168270442605
4.4446949597180305 8.561820485956243
4.728079697554853 6.501024210875526
