n_nodos R alpha CityArea
6 250 0 100
ID_Nodo Costo_C Demanda_D Potencia_f Rango_s Es_Remoto_T
0 2311362 2298 1965 24 0
1 1567211 895 1827 76 0
2 1149282 4834 2990 48 0
3 2848643 2745 2802 29 0
4 1979925 42 825 27 1
5 591652 4820 3858 40 0
Matriz_Distancias
-1.000000 5.095634 6.373402 1.426067 3.442337 7.564018
5.095634 -1.000000 6.989730 4.157699 3.175864 3.613813
6.373402 6.989730 -1.000000 7.128410 4.140623 10.603247
1.426067 4.157699 7.128410 -1.000000 3.496785 6.223072
3.442337 3.175864 4.140623 3.496785 -1.000000 6.698883
7.564018 3.613813 10.603247 6.223072 6.698883 -1.000000
Coordenadas
1.1505456638977896 6.660902130980258
6.090665392794814 5.4116221228340375
1.3339096418598828 0.290138244243604
2.4058961996534878 7.337482962802829
3.271390558111398 3.9495001843100583
8.591374909485976 8.020471186286665
