n_nodos R alpha CityArea
10 250 0 100
ID_Nodo Costo_C Demanda_D Potencia_f Rango_s Es_Remoto_T
0 1673098 4319 2864 68 0
1 2718098 1103 1244 22 1
2 583631 3185 2711 26 0
3 1648131 902 1331 78 1
4 779253 3766 3066 53 0
5 3005147 3712 2449 61 0
6 1380699 1790 2363 31 0
7 2994092 2281 2294 53 0
8 1602309 1618 1547 43 0
9 3355290 4274 3007 29 0
Matriz_Distancias
-1.000000 3.118629 4.012965 5.585890 3.525007 5.243717 7.632579 5.830474 4.582720 7.190780
3.118629 -1.000000 2.374595 2.484308 1.143356 2.978420 6.908972 3.107507 1.689083 4.466432
4.012965 2.374595 -1.000000 3.615516 3.494549 5.154820 9.279431 2.248500 3.603391 6.141278
5.585890 2.484308 3.615516 -1.000000 2.347742 2.451252 6.921733 2.432789 1.268631 2.580974
3.525007 1.143356 3.494549 2.347742 -1.000000 1.917769 5.787236 3.807439 1.132120 3.680882
5.243717 2.978420 5.154820 2.451252 1.917769 -1.000000 4.485657 4.745269 1.601548 2.108886
7.632579 6.908972 9.279431 6.921733 5.787236 4.485657 -1.000000 9.219487 6.018616 5.386824
5.830474 3.107507 2.248500 2.432789 3.807439 4.745269 9.219487 -1.000000 3.213398 4.920992
4.582720 1.689083 3.603391 1.268631 1.132120 1.601548 6.018616 3.213398 -1.000000 2.777622
7.190780 4.466432 6.141278 2.580974 3.680882 2.108886 5.386824 4.920992 2.777622 -1.000000
Coordenadas
8.46662407210134 1.3447832230897372
5.611655402650342 2.5997735034305913
4.548754024057528 0.4763467616928574
3.5217491369196177 3.9429330472907775
5.858513841348373 3.716161920882115
5.357497442730757 5.567329232855428
8.27456276779346 8.97494554367658
2.6454219872203444 1.6734588700638398
4.783790613387158 4.072064198298265
3.4778502284572186 6.52353338778751
