n_nodos R alpha CityArea
10 250 0 100
ID_Nodo Costo_C Demanda_D Potencia_f Rango_s Es_Remoto_T
0 1806715 4598 3457 62 0
1 1843442 2207 2323 52 0
2 540369 1623 2060 73 0
3 1539576 840 1231 30 1
4 2255726 4083 2952 74 0
5 2107288 1092 1364 23 1
6 1619754 1607 2089 44 0
7 785499 4523 3079 78 0
8 1149308 3767 2823 27 0
9 3497225 3362 2434 38 0
Matriz_Distancias
-1.000000 11.386127 3.930335 5.862435 8.835028 8.687385 12.103148 4.483429 3.012759 10.581309
11.386127 -1.000000 9.086177 7.459299 4.426250 6.970266 2.365217 9.714727 9.615438 2.239794
3.930335 9.086177 -1.000000 6.552371 8.109489 9.112874 10.473614 6.586318 5.087062 9.035100
5.862435 7.459299 6.552371 -1.000000 3.513540 2.835563 7.207235 2.352650 2.979183 5.806309
8.835028 4.426250 8.109489 3.513540 -1.000000 2.582432 3.711508 5.863312 6.294916 2.409425
8.687385 6.970266 9.112874 2.835563 2.582432 -1.000000 5.836111 4.703498 5.742874 4.826449
12.103148 2.365217 10.473614 7.207235 3.711508 5.836111 -1.000000 9.559825 9.848867 1.521944
4.483429 9.714727 6.586318 2.352650 5.863312 4.703498 9.559825 -1.000000 1.593145 8.150551
3.012759 9.615438 5.087062 2.979183 6.294916 5.742874 9.848867 1.593145 -1.000000 8.360728
10.581309 2.239794 9.035100 5.806309 2.409425 4.826449 1.521944 8.150551 8.360728 -1.000000
Coordenadas
0.93108286671858 0.5142870888388429
9.716559199897874 7.757165386439339
4.838599804636461 0.09138942616912282
2.425227014980641 6.18312113456834
5.3112382980725314 8.18709332738458
2.855442354647988 8.985857229815169
8.626303770516396 9.856115817551714
0.411001534608737 4.967449224367584
1.083477339507204 3.523189257703936
7.67160045428697 8.67084994472044
