n_nodos R alpha CityArea
8 250 0 100
ID_Nodo Costo_C Demanda_D Potencia_f Rango_s Es_Remoto_T
0 2499920 90 561 42 1
1 1604235 2150 1981 58 0
2 132363 1151 1514 20 0
3 1391508 2121 1718 38 0
4 2722632 26 825 27 1
5 205676 2631 1955 46 0
6 1460284 1999 1899 29 0
7 543073 1194 1155 67 0
Matriz_Distancias
-1.000000 4.813592 6.707107 8.282149 6.768817 2.267683 7.423712 6.816250
4.813592 -1.000000 3.894047 3.900765 3.230302 4.194783 7.212727 2.342492
6.707107 3.894047 -1.000000 6.618653 1.037129 7.281153 4.141205 2.659913
8.282149 3.900765 6.618653 -1.000000 5.608980 6.846659 10.598685 3.970222
6.768817 3.230302 1.037129 5.608980 -1.000000 7.011217 5.169706 1.639340
2.267683 4.194783 7.281153 6.846659 7.011217 -1.000000 9.025688 6.515447
7.423712 7.212727 4.141205 10.598685 5.169706 9.025688 -1.000000 6.735769
6.816250 2.342492 2.659913 3.970222 1.639340 6.515447 6.735769 -1.000000
Coordenadas
7.838323508057506 9.127222899351978
6.348337060527301 4.550039189267788
2.490430915157489 5.079343407037916
7.580758646498177 0.8490795479470015
3.130769356316798 4.263497910655377
9.372373574883975 7.457169596938721
0.42865448352263913 8.670813956107903
4.4086720342980446 3.236658269006706
