n_nodos R alpha CityArea
10 250 0 100
ID_Nodo Costo_C Demanda_D Potencia_f Rango_s Es_Remoto_T
0 1199436 2815 2454 48 0
1 2598962 2290 2344 41 0
2 579655 3467 2786 50 0
3 1123431 3191 2491 72 0
4 2590376 3734 2584 63 0
5 3281070 2045 2337 41 0
6 3456483 3621 3124 32 0
7 329509 1110 1272 34 1
8 2355287 1740 2291 24 1
9 1894963 1996 2269 72 0
Matriz_Distancias
-1.000000 0.584606 3.100729 3.881450 4.691413 7.661899 3.869446 3.644347 4.137234 7.204264
0.584606 -1.000000 2.794788 3.940915 4.131335 7.992558 4.453263 4.222413 4.410296 6.796579
3.100729 2.794788 -1.000000 6.668107 4.620381 10.758216 6.312181 5.759491 7.199371 8.221126
3.881450 3.940915 6.668107 -1.000000 5.313999 4.779363 5.248738 5.668165 1.602160 5.399879
4.691413 4.131335 4.620381 5.313999 -1.000000 10.089880 8.447032 8.323123 6.709095 3.808166
7.661899 7.992558 10.758216 4.779363 10.089880 -1.000000 6.240640 7.056025 3.618518 9.419350
3.869446 4.453263 6.312181 5.248738 8.447032 6.240640 -1.000000 0.843904 4.158995 10.231903
3.644347 4.222413 5.759491 5.668165 8.323123 7.056025 0.843904 -1.000000 4.748840 10.405406
4.137234 4.410296 7.199371 1.602160 6.709095 3.618518 4.158995 4.748840 -1.000000 6.989471
7.204264 6.796579 8.221126 5.399879 3.808166 9.419350 10.231903 10.405406 6.989471 -1.000000
Coordenadas
4.201829671407738 3.915620299803315
3.632394969650856 4.047940389966348
1.8487668776145172 1.8963101438430252
5.182827281674762 7.671056444827393
0.08605452008769277 6.167231453119082
9.689362067194862 9.262739639908837
8.01381256016461 3.251240341019681
7.573119886086545 2.53154352349773
6.7148430184182395 7.202179185720075
0.2965700882492317 9.969574629876881
