n_nodos R alpha CityArea
8 250 0 100
ID_Nodo Costo_C Demanda_D Potencia_f Rango_s Es_Remoto_T
0 3434425 4233 2986 22 0
1 2503932 4070 3069 70 0
2 1501250 1951 2041 64 0
3 945942 4496 3736 41 0
4 2695611 57 1052 56 1
5 1666524 1327 2144 27 1
6 2814786 1526 1929 55 0
7 1161293 3479 2773 70 0
Matriz_Distancias
-1.000000 8.947202 5.113820 4.943083 7.813983 3.577724 8.517914 4.323202
8.947202 -1.000000 6.542599 6.304874 1.327200 6.797696 1.063769 5.026770
5.113820 6.542599 -1.000000 0.327799 6.065300 6.209328 6.761527 5.072187
4.943083 6.304874 0.327799 -1.000000 5.787509 5.906335 6.490830 4.746854
7.813983 1.327200 6.065300 5.787509 -1.000000 5.486319 0.742368 3.748809
3.577724 6.797696 6.209328 5.906335 5.486319 -1.000000 6.047952 1.858116
8.517914 1.063769 6.761527 6.490830 0.742368 6.047952 -1.000000 4.377764
4.323202 5.026770 5.072187 4.746854 3.748809 1.858116 4.377764 -1.000000
Coordenadas
0.1749027093115263 5.482299063500942
8.915732671802584 3.5717199482998954
2.848611674739183 1.123120253927098
2.989763774589579 1.4189715484829712
7.920342606554294 4.449590767121849
3.2447059747822884 7.319802251869119
8.647103866902583 4.601012281962715
4.475126322138742 5.927444089753724
