n_nodos R alpha CityArea
6 250 0 100
ID_Nodo Costo_C Demanda_D Potencia_f Rango_s Es_Remoto_T
0 1847001 3807 3104 36 0
1 883617 340 1254 71 1
2 638744 2478 2069 72 0
3 3112967 2547 1859 28 0
4 1993284 3154 2967 71 0
5 1631229 487 1497 70 0
Matriz_Distancias
-1.000000 7.302062 1.470403 5.701655 7.398188 2.341925
7.302062 -1.000000 6.477403 3.950080 6.073540 5.066783
1.470403 6.477403 -1.000000 4.331992 5.929087 1.455082
5.701655 3.950080 4.331992 -1.000000 2.503811 3.551707
7.398188 6.073540 5.929087 2.503811 -1.000000 5.624803
2.341925 5.066783 1.455082 3.551707 5.624803 -1.000000
Coordenadas
8.348421486656495 3.9377955108825136
1.0479610436986975 4.090726098608987
7.446404816795178 5.099024095896064
3.605008362562857 7.101479933270735
3.5931083780807196 9.605262252056674
6.092383806181517 4.566211089389372
