n_nodos R alpha CityArea
6 250 0 100
ID_Nodo Costo_C Demanda_D Potencia_f Rango_s Es_Remoto_T
0 3258492 3227 2766 24 0
1 2630136 132 1267 79 1
2 3124587 2796 2788 21 0
3 3019516 4902 3942 32 0
4 3106132 4415 3381 32 0
5 2430039 1565 1724 70 0
Matriz_Distancias
-1.000000 5.196556 8.421471 3.081438 1.951004 3.647616
5.196556 -1.000000 6.780674 2.497494 3.435317 6.780145
8.421471 6.780674 -1.000000 8.061003 8.102375 6.385947
3.081438 2.497494 8.061003 -1.000000 1.131727 5.766030
1.951004 3.435317 8.102375 1.131727 -1.000000 4.899213
3.647616 6.780145 6.385947 5.766030 4.899213 -1.000000
Coordenadas
2.5092362374494015 1.9093066277973914
0.46095820672611754 6.685157172603457
6.768162411105584 9.174478488708967
0.4346948564475206 4.187800869493029
1.1642370316653128 3.322598500477427
6.038656889488131 2.8303363517172664
