n_nodos R alpha CityArea
200 250 0.15 2323
ID_Nodo Costo_C Demanda_D Potencia_f Rango_s Es_Remoto_T
0 2751733 3739 3273 54 0
1 838467 4017 2516 35 0
2 1192875 4690 3030 38 0
3 1961953 4360 2792 21 0
4 1425720 374 1170 21 1
5 824320 710 1812 27 1
6 239262 3200 2511 46 0
7 304950 499 844 40 1
8 1198861 1175 1637 36 0
9 2191190 4879 3076 76 0
10 3439435 1750 2195 61 0
11 2431430 1960 2125 66 0
12 2355763 2296 2374 24 0
13 2707283 1818 1571 20 0
14 1945411 200 1202 77 1
15 2718082 2692 2101 72 0
16 2318849 3039 2468 35 0
17 1718597 1412 2145 67 0
18 654278 4916 3932 68 0
19 2460751 142 1218 53 1
20 484048 2156 1999 28 0
21 1799717 4414 2754 39 0
22 310474 4111 3247 63 0
23 1234649 3130 2255 29 0
24 515720 4295 3165 67 0
25 3478260 4630 3409 53 0
26 1182610 2991 2326 57 0
27 1561554 3426 2667 66 0
28 700851 2036 2248 36 0
29 2766487 2144 1703 52 0
30 1462073 3566 2732 27 0
31 2527689 2439 2577 27 0
32 341067 3243 2168 67 0
33 352083 2588 2525 38 0
34 2919248 1635 1599 61 0
35 1809245 1124 1740 56 0
36 3404498 2324 2017 32 0
37 1195906 4739 3614 74 0
38 121930 2928 2728 36 0
39 372165 4607 3660 57 0
40 1248991 3813 2684 51 0
41 2097869 274 728 69 1
42 1688442 3576 2680 58 0
43 1886496 157 801 37 1
44 2145366 4528 3738 69 0
45 2863255 4265 2980 59 0
46 3003947 2459 2632 69 0
47 2942461 3511 2561 62 0
48 1560824 1367 1641 64 0
49 1980579 1532 1858 67 0
50 950427 2322 1935 23 0
51 218452 3552 2949 27 0
52 1815013 345 1207 74 1
53 2154288 550 1579 58 1
54 850023 2712 2819 31 0
55 2062414 4737 3411 66 0
56 354094 3346 2720 41 0
57 2740037 372 1605 64 1
58 1053124 3129 2399 76 0
59 745929 1330 1686 32 0
60 2740229 3377 2390 31 0
61 1481640 1855 1977 60 0
62 2114843 3704 2535 50 0
63 2357609 140 907 76 1
64 2756267 383 1115 21 1
65 320530 320 1498 40 1
66 2539751 1678 1870 57 0
67 1627926 2379 1760 77 0
68 1605243 3644 2660 46 0
69 618855 718 1147 52 1
70 1473960 3419 3168 29 0
71 1843784 2658 2434 57 0
72 2007162 1834 1946 48 0
73 262581 2818 2025 64 0
74 3222167 2519 2244 52 0
75 1676717 2931 2728 51 0
76 1772346 2645 2508 31 0
77 3286796 961 1668 44 0
78 2562976 3902 3400 45 0
79 1300928 3224 2130 41 0
80 1176589 3959 2829 58 0
81 1486973 2821 2903 67 0
82 773337 3473 2376 35 0
83 421779 4706 3600 48 0
84 2112502 4192 3051 40 0
85 368215 1610 1573 65 0
86 644136 2479 2554 21 0
87 310891 1011 1939 75 0
88 1215252 1276 1588 63 0
89 2687207 1715 1482 75 0
90 830074 2453 1960 31 0
91 834958 3758 2635 59 0
92 374011 4970 3460 24 0
93 3285347 889 1155 73 1
94 1382930 465 797 79 1
95 2275682 3657 2682 75 0
96 1970098 3028 2669 51 0
97 875980 2755 2648 68 0
98 1097215 2282 1789 23 0
99 2034298 2200 2435 41 0
100 2187905 4710 3624 78 0
101 141025 2825 2469 32 0
102 2065088 971 1614 59 0
103 1795756 4627 3645 68 0
104 114030 3317 2757 44 0
105 1988486 1976 2003 52 0
106 2443701 1463 1497 51 0
107 1976373 4001 3435 34 0
108 2963256 2711 1936 71 0
109 588182 664 1126 79 1
110 1806869 4734 3709 79 0
111 2274201 4554 3751 34 0
112 2595359 101 1466 31 1
113 2397434 2205 1835 65 0
114 2580373 2039 1815 21 0
115 2007281 2208 1775 22 0
116 3470310 3427 2535 68 0
117 835668 3710 3273 27 0
118 2493757 835 1526 67 1
119 269613 929 1799 77 1
120 2264132 1912 1493 27 0
121 3252886 741 1070 37 1
122 2418952 3451 2962 42 0
123 3232236 3464 3190 43 0
124 565335 3456 3200 26 0
125 3295203 2173 2538 25 0
126 1127346 504 860 75 1
127 2887419 4061 3451 31 0
128 554637 4669 3479 44 0
129 1257754 3226 2605 25 0
130 3428781 4744 2955 57 0
131 258694 185 1022 70 1
132 1853521 1114 1840 37 0
133 1854024 4322 2884 51 0
134 607727 2478 1931 44 0
135 1597613 2457 2591 68 0
136 2203546 4123 2773 75 0
137 3344282 2859 2731 44 0
138 2787874 2939 2910 70 0
139 2743728 128 564 46 1
140 2482395 4400 3453 52 0
141 3044736 3432 2780 65 0
142 377355 4421 3482 66 0
143 2410772 562 872 49 1
144 594151 3500 2351 71 0
145 3075350 4998 3175 65 0
146 2041134 588 832 45 1
147 2500455 1906 2218 23 0
148 2616203 2295 2510 27 0
149 1408993 3202 3066 36 0
150 1189069 1642 1432 72 0
151 193854 2131 1863 70 0
152 2211000 2078 1770 27 0
153 3279147 4172 2877 26 0
154 3006420 2074 1919 20 0
155 2249930 1545 1733 59 0
156 219135 2055 1662 41 0
157 2524518 1828 1515 78 0
158 2520677 4911 2996 25 0
159 3105297 3500 2518 45 0
160 3340367 1950 2373 68 0
161 1300669 1799 2292 32 0
162 1632504 727 1066 45 1
163 2752769 1002 1461 21 0
164 3298397 3219 2238 22 0
165 2375391 2662 2761 38 0
166 2469014 2983 2091 76 0
167 3265666 2169 2434 62 0
168 3036702 2104 1821 27 0
169 620417 2439 1833 29 0
170 2797154 2215 1949 42 0
171 2819644 1007 1200 48 0
172 1167004 4627 2979 68 0
173 2587935 2838 2344 63 0
174 1016701 4486 3393 25 0
175 1187582 3145 2534 71 0
176 1144384 2002 1549 27 0
177 2063738 3339 2318 24 0
178 1347175 4979 3022 54 0
179 540362 4420 2936 30 0
180 2284561 3820 3141 40 0
181 658726 1282 1623 36 0
182 1279229 4864 3455 38 0
183 470019 2615 2775 60 0
184 3425321 4494 3644 25 0
185 691054 3970 2889 40 0
186 3168702 3618 3112 38 0
187 3397206 4441 3103 60 0
188 396097 2501 1776 77 0
189 2755595 712 1201 24 1
190 492295 1723 2273 38 0
191 1411545 2380 1894 58 0
192 319913 2536 2376 44 0
193 3288610 3861 2999 32 0
194 582637 89 1216 75 1
195 1775671 1894 2318 48 0
196 3251868 494 1507 51 1
197 2714808 1768 2133 51 0
198 923670 2813 2517 52 0
199 546216 1785 1609 57 0
Matriz_Distancias
-1.000000 42.460232 28.660214 44.165974 7.675229 58.486047 6.426032 28.404412 43.476055 39.543862 45.309032 47.282548 2.761355 18.149609 28.406995 40.463005 37.770368 38.911739 44.397716 13.832097 8.019653 39.053299 26.036712 47.707899 44.631301 25.088427 49.318858 25.210589 25.700265 33.018693 25.284086 40.442090 4.685901 32.791320 46.315110 42.446449 33.350865 48.544020 40.174977 43.143670 22.022013 5.924207 20.633094 44.790663 44.874769 27.188854 18.756339 24.518825 51.455124 30.036262 39.273335 36.007030 46.077441 42.368983 25.793086 40.855652 46.197949 55.276079 41.998997 48.836850 46.334081 43.142082 28.989911 45.874877 38.168993 13.117743 39.980113 19.098316 24.899799 34.940986 36.743152 33.754397 30.114639 27.916793 2.425272 3.688103 36.526943 18.807419 35.884250 20.947790 35.161233 30.208127 44.479572 11.231046 56.042994 49.360614 10.515430 23.024050 45.659773 38.024781 9.790436 19.605499 10.627635 25.296065 25.484212 48.225227 17.376134 45.952882 9.805023 45.703324 36.489012 46.756727 21.111311 43.958828 15.421010 38.505231 6.629055 39.491838 30.396064 38.502086 17.164209 21.073210 24.614129 20.245211 51.113736 44.000509 6.889130 19.403591 28.461081 14.826733 27.565969 38.410051 22.721461 6.158359 7.022557 43.640656 24.598520 25.884635 24.606091 29.326831 13.451051 44.746401 44.315309 25.584469 11.520344 34.088106 7.701353 20.234683 21.916069 53.621972 37.243230 25.876204 38.976293 28.566931 14.986983 19.626561 46.429641 40.435104 50.900606 57.410552 35.454174 16.985125 13.166013 34.922366 8.772906 3.068723 32.776583 45.429672 24.885787 37.678185 40.489274 35.275370 34.792873 30.104268 48.648066 26.243053 25.171937 55.925650 14.383320 51.079125 26.810418 17.599715 4.769179 28.886481 23.352648 34.628695 16.584438 35.202147 20.680963 32.096007 22.100571 18.225586 44.587070 35.653285 19.926678 7.993187 49.601570 22.271101 11.602899 19.313171 40.879102 4.782980 26.848129 35.637555 28.707123 47.344977 52.444032 30.786388 18.197955 43.013325
42.460232 -1.000000 33.547677 19.645756 45.514322 16.459453 43.488318 21.710256 8.796261 8.229556 2.854028 21.295975 44.774876 29.149357 15.429115 35.640962 24.753148 14.567976 10.000812 30.568262 34.468116 20.435612 16.710540 16.039223 24.684756 26.553780 9.764468 18.639092 30.195141 28.548086 37.610556 22.745215 44.197270 13.398653 6.948977 4.094860 9.187166 20.521298 13.352814 21.416759 29.245429 43.834419 28.741778 9.378188 4.001278 28.504309 28.416613 17.941846 11.685704 22.225464 31.754335 29.125454 8.910723 5.650121 17.216328 8.095637 14.929146 14.333133 12.830595 8.964083 4.014388 10.577397 37.941351 3.440152 24.868114 30.547193 28.459079 26.789771 17.771226 8.573365 14.534132 31.654329 23.031745 15.596193 40.751742 39.100077 14.549523 31.191340 17.610260 39.567325 22.963406 24.874067 27.401988 39.932682 13.810210 8.223652 34.831000 22.576937 34.380386 8.661418 39.577087 26.379180 33.067170 35.284806 21.867771 6.498410 36.820164 23.744431 38.320353 38.564897 28.837629 4.384787 40.341992 4.810685 29.563623 6.816966 39.464153 13.905587 19.775708 14.858235 35.568232 24.878070 30.708716 34.345778 12.757912 10.909010 37.291604 30.692710 14.093089 30.036230 38.111118 8.043446 20.505126 39.020407 47.910100 14.045680 25.853023 18.884173 17.858502 15.405075 29.540667 5.086754 2.448282 31.647245 37.765163 26.324357 48.744877 22.243999 20.708298 13.911936 5.227347 31.029714 7.911221 17.954770 31.098682 28.062538 4.844839 6.419841 10.286967 15.526279 9.138978 41.453652 38.260580 26.679250 34.730776 42.316168 9.696418 5.635029 21.065445 14.818814 2.763657 31.176428 27.835823 31.469265 6.691737 21.631130 28.604944 13.683826 28.530006 8.821562 29.688777 37.903161 37.693262 14.551567 28.531928 23.672238 34.633448 21.254800 23.032767 23.341618 21.910558 25.087569 35.587660 31.913277 23.577549 34.805485 7.769040 26.223909 43.616155 40.261134 4.337757 39.890548 28.379109 10.030306 13.802981 14.965590 13.222262 21.108425 25.712602 12.854653
28.660214 33.547677 -1.000000 22.227860 25.285039 44.548278 24.354450 12.073773 28.485097 26.075773 35.593244 24.599688 28.982282 32.744376 20.203788 11.822463 13.185026 40.577054 41.419133 17.401284 24.008385 44.523615 21.800035 28.172158 19.926150 8.337759 34.577361 18.533289 40.659096 45.265047 5.562100 16.799443 26.391988 20.239733 40.219529 36.282459 26.631896 26.455982 22.774252 20.168904 8.460680 25.047400 10.275785 29.355616 33.275870 40.682814 12.700087 23.511145 36.140535 11.322241 51.553837 9.036917 31.049865 29.663091 20.794786 26.919339 27.202485 40.159150 41.717624 34.563030 35.825529 27.004000 4.405070 36.417648 13.461391 27.751735 13.269504 31.143367 21.708307 31.375454 38.755039 5.670138 10.524296 28.880314 26.260370 25.486461 19.776364 35.402305 40.206314 10.204537 12.452058 40.600875 18.467612 18.262823 43.093491 41.729573 30.587499 31.130940 17.449434 25.128710 19.334338 13.866313 28.110716 3.882351 13.366787 36.113995 11.656034 21.829257 18.962036 17.043952 47.941150 36.275774 10.702637 31.638196 29.842779 34.581504 31.651950 21.913193 36.861289 20.586629 11.562024 31.366550 40.131402 8.427176 34.700170 27.570296 22.030379 10.240608 23.829032 29.678895 4.876501 25.759662 19.123253 30.785964 29.029985 25.190441 9.400097 17.195353 23.914701 19.312225 19.990725 32.284907 35.995871 3.625590 17.268402 9.219088 29.651214 22.106055 21.131863 37.585958 29.663678 41.384330 26.067637 16.346099 15.196393 33.240131 34.788740 36.224932 36.601680 43.339184 24.489273 14.624732 15.914982 45.487408 21.192556 30.982958 27.541791 32.676542 14.940733 39.752480 33.444046 7.365101 46.118758 2.607455 36.747479 34.136876 39.052692 43.025833 19.970113 39.188904 4.320848 11.886202 25.878485 21.278821 7.793993 11.577074 12.077771 42.159858 27.870318 10.622714 17.188848 18.360534 16.102403 7.477555 17.943243 22.777918 41.035854 10.997253 20.439200 11.956992 29.622439 30.383947 5.570466 23.517640 24.273444 28.437987 36.311140 38.301630 28.090197 25.389406
44.165974 19.645756 22.227860 -1.000000 43.850399 23.972020 42.271928 15.786768 11.042550 12.077923 20.078445 3.158992 45.602528 38.387118 18.459702 18.472893 9.160551 32.910347 29.633505 30.334882 36.843061 38.545780 21.877516 6.450863 5.201487 19.893196 15.037646 20.565512 43.184157 44.295592 27.692037 5.564773 43.820215 13.820872 26.229586 23.676392 19.443470 4.482488 6.978159 2.394419 23.391693 42.854536 24.197733 10.984896 16.951799 42.130171 25.594953 24.566404 15.841685 14.332986 48.991122 14.039008 12.359680 14.010140 21.381247 11.705234 6.128078 19.401287 32.051730 15.405309 19.518169 9.148138 26.141902 20.828748 8.961653 36.473567 11.150275 35.972474 22.837876 23.690650 32.090005 17.654412 14.469994 26.880166 41.865021 40.482752 8.966026 41.108240 34.823382 31.693741 10.085639 39.772514 8.140399 36.816179 23.258938 26.044707 40.755117 33.185547 15.382164 12.642179 37.243435 24.560870 38.285384 25.598262 18.715957 18.322253 31.157270 4.114062 36.308169 19.966094 45.618200 19.837027 32.343629 15.345829 37.030259 24.765757 44.106945 6.930236 34.587737 7.000381 30.329782 34.849130 43.244230 27.682623 13.910288 9.039215 37.457517 25.946359 21.310937 37.241398 27.014898 12.986735 23.158031 43.375485 47.234814 5.696957 20.036280 19.287819 24.827334 16.934675 31.185698 15.560509 21.579026 22.515764 35.001774 13.011050 48.006506 27.049988 25.029147 16.614007 19.288216 44.063283 12.729145 16.245883 29.370154 37.967581 17.840357 25.375728 16.939633 22.813236 14.831142 35.393984 34.501997 43.168200 35.394224 45.373744 21.038845 15.507772 19.544508 32.735236 21.350387 16.355912 44.199085 19.621534 18.947693 34.304777 41.382332 23.231496 30.441600 20.777804 20.358024 31.916076 39.874418 18.761660 22.084012 10.904179 30.019132 38.131442 31.501688 12.867459 22.854080 26.692391 16.990077 16.852691 25.074751 36.352231 24.784564 22.097788 40.018914 33.145203 15.520071 43.662165 19.503949 13.562424 21.488475 7.104729 15.451105 36.200569 33.472235 6.813822
7.675229 45.514322 25.285039 43.850399 -1.000000 60.857870 2.102079 28.268378 45.073227 41.316923 48.301872 46.836155 5.723661 24.682165 30.470583 36.964972 36.335878 44.127655 48.874221 15.006453 12.411270 45.005695 28.806947 48.240289 43.413231 23.986307 51.220670 27.157205 32.746886 39.902580 20.864417 39.437356 2.989339 34.258258 50.184123 46.138637 36.338813 48.327295 40.960219 42.463404 20.529942 2.059481 19.659053 46.332888 47.393284 34.066646 18.537723 27.925424 53.277988 29.530989 46.308628 33.648379 47.781326 44.493474 28.315711 42.587148 46.830175 57.261248 46.946207 50.842383 49.179457 44.422433 24.532129 48.952661 36.713907 18.949701 37.850484 25.147101 27.769509 38.802616 41.930472 30.822658 29.386514 32.256655 6.992890 8.249009 37.239838 25.787634 41.494385 15.982839 34.133048 36.693051 42.752257 7.185541 58.605270 52.991488 17.465920 28.564568 42.729336 39.844088 6.608538 20.084634 16.832236 21.524131 25.912172 50.753196 13.668912 44.979890 7.623928 42.025784 43.349571 49.625639 15.902975 46.257357 21.596133 42.504908 14.224237 40.188413 36.149187 39.045302 14.041470 26.923179 31.703050 17.137460 52.632765 45.244021 8.436596 17.920841 31.465459 21.028693 23.036521 40.317360 25.036524 13.651958 3.761585 44.318690 23.817547 27.392202 28.112124 31.039811 16.098556 47.045845 47.594791 22.851043 8.849576 32.342821 4.369235 23.647107 24.898983 55.317424 40.317310 33.009009 40.855353 29.577446 14.991505 26.081022 49.003666 44.471167 52.970288 59.722302 37.567985 11.429782 9.590720 41.606038 10.981667 10.678512 36.076065 47.686304 25.810131 42.922142 43.881603 32.469487 41.589866 27.226797 51.243473 32.017074 32.026730 58.497324 17.109738 53.760315 24.553976 13.410958 10.159677 31.173094 21.873277 33.460637 14.023460 41.281789 25.708498 31.124481 23.844590 20.428860 41.361837 32.698707 21.978186 11.430583 53.026078 21.889116 5.201376 14.144031 43.283798 12.336446 24.964653 37.475412 31.792250 48.045199 54.079375 36.768525 23.575677 43.888879
58.486047 16.459453 44.548278 23.972020 60.857870 -1.000000 58.908401 34.273122 16.344701 19.702152 13.679779 23.339080 60.675348 45.573623 30.400996 42.441970 32.569170 28.062978 20.813176 45.867146 50.466396 33.362925 32.456478 17.552835 28.711011 39.349537 10.049557 33.711842 45.924238 43.031010 49.527984 29.270350 59.834175 26.796745 16.200601 18.176457 25.208917 21.503390 21.797376 26.365509 42.583151 59.320791 42.556835 15.299502 13.611755 44.076696 42.824678 34.074753 8.418641 33.970455 44.719790 37.558902 13.637490 16.373197 32.762933 18.510964 17.953180 4.571036 24.950888 10.221894 12.445187 17.601960 48.836856 13.353944 32.477755 46.932073 35.104450 43.234144 33.587859 24.942082 28.949103 40.942385 34.575406 32.053051 56.641929 55.011576 25.095917 47.535968 31.915469 52.537594 32.240669 40.081565 31.668993 54.725361 2.807409 13.021197 51.252628 38.982479 38.745196 21.108887 54.597954 40.985571 49.422111 47.228261 35.589830 10.272062 50.614973 26.881246 53.399321 43.486150 42.475776 12.085292 53.281195 14.609433 46.017823 22.378369 55.831238 22.663347 35.359405 23.993344 49.476109 41.298629 46.559528 47.634278 10.095794 16.988241 52.907431 44.551154 30.047629 46.485550 49.414907 20.594847 35.963638 55.357987 63.539743 19.510649 38.941730 33.500276 34.042233 29.841403 45.253762 13.819297 15.276973 43.684067 52.603216 35.722988 64.372501 38.281886 36.571728 7.370246 21.472109 46.714596 20.079185 31.642871 45.998236 44.449640 12.074732 21.033870 8.084230 1.209490 23.290683 55.248491 52.794151 40.732779 50.392187 58.542701 26.000735 13.171843 35.291529 28.813145 18.950515 39.882325 41.908549 42.069637 9.891551 37.769491 44.455842 2.942586 44.263280 7.649420 41.506688 51.611194 53.722519 29.757664 41.575241 33.108966 48.733783 35.449596 39.483135 33.975810 37.017616 40.590366 40.604739 40.471527 38.961660 50.656174 11.719169 40.011803 58.351611 53.585759 17.638763 56.176466 40.322880 23.432716 29.828027 16.876791 8.524564 36.471567 42.156959 19.175872
6.426032 43.488318 24.354450 42.271928 2.102079 58.908401 -1.000000 26.603153 43.197691 39.413242 46.283308 45.288759 5.156189 22.722496 28.509473 36.126805 34.962555 42.029734 46.776580 13.041256 10.335084 42.943981 26.777891 46.523677 42.014030 22.476533 49.315847 25.197211 30.878296 37.980119 20.241930 37.982415 2.189104 32.376381 48.108646 44.070294 34.307271 46.739888 39.189752 40.951331 19.071054 0.705378 18.082238 44.466382 45.416737 32.151575 16.809223 25.853924 51.385067 27.939073 44.418038 32.483334 45.896371 42.554412 26.305308 40.690738 45.095181 55.352667 44.844317 48.924868 47.174222 42.587663 23.950563 46.927762 35.346469 16.924336 36.644064 23.120021 25.730596 36.721237 39.832404 29.796697 27.836443 30.157257 5.246019 6.322468 35.470985 23.919372 39.412005 15.518972 32.664722 34.699453 41.464650 6.092566 56.634345 50.930415 15.638404 26.488982 41.745140 37.932170 5.155606 18.263429 14.867033 20.686827 24.141374 48.779164 12.700987 43.532913 5.966191 41.256575 41.417799 47.618735 15.540768 44.301886 19.596392 40.419928 12.720882 38.429637 34.078944 37.307529 12.897940 24.872635 29.849274 16.045170 50.777879 43.415755 6.339511 16.427748 29.424783 19.035057 22.470820 38.396068 23.033347 12.080958 4.965835 42.571783 22.242244 25.481897 26.036032 29.118714 14.028620 45.091242 45.553578 21.718765 7.397665 31.023582 5.736031 21.567359 22.845114 53.442652 38.284387 31.166318 38.938305 27.739833 13.176422 24.104041 47.023385 42.385677 51.047653 57.778503 35.618564 11.161210 8.455021 39.639889 8.891988 9.494744 34.022420 45.737022 23.966743 40.825171 41.829729 31.416671 39.646118 26.166106 49.263270 29.952489 30.110291 56.525377 15.041294 51.774028 23.311519 12.604929 8.220259 29.191723 20.425279 32.018773 12.720996 39.233856 23.614073 29.631526 21.891413 18.414168 40.456783 31.687682 19.985047 9.331320 50.978298 20.223451 5.282870 13.741597 41.313548 10.827603 23.634751 35.556545 29.746550 46.301669 52.210973 34.715587 21.499041 42.111037
28.404412 21.710256 12.073773 15.786768 28.268378 34.273122 26.603153 -1.000000 17.931595 14.826211 23.942272 18.884995 29.816394 25.301230 8.417345 18.235110 10.363822 28.806701 29.345750 14.588980 21.275473 33.138522 10.756888 20.004311 16.550999 5.082175 24.242946 7.753946 31.972398 35.317856 15.909446 12.287195 28.079252 8.311687 28.242445 24.254905 14.579262 20.211756 12.966336 14.764045 8.372802 27.163393 8.699701 19.034704 21.919880 31.524189 9.830501 13.064818 26.094524 2.021925 41.229370 11.303329 20.656821 18.414723 9.796334 15.878301 18.637869 30.180157 29.739641 24.056560 24.330360 16.848938 16.389569 24.749375 10.757402 21.980177 13.763355 23.165431 11.061517 19.394528 27.099425 11.933264 2.658546 17.852563 26.087823 24.728044 9.321733 28.115208 28.837919 18.312131 7.332623 30.552415 17.033118 21.404518 32.458819 29.932139 25.954564 21.776686 20.671761 13.648223 21.671442 8.812130 23.390803 13.579202 3.322189 25.003365 16.461392 17.669289 20.664010 22.948050 37.609745 24.790815 19.068006 20.387938 23.170330 22.522007 28.785398 12.140053 26.185492 10.909856 15.407793 22.702047 31.697756 13.365067 25.067777 17.589137 21.671376 10.615253 12.252505 23.235187 16.441235 14.258582 9.524914 28.008875 31.550551 16.176075 4.719730 6.150662 13.456172 7.323588 15.710354 21.103552 24.151614 9.938530 19.465356 8.134991 32.336540 13.463374 11.761129 27.895882 17.613291 32.793495 14.655594 4.358172 13.590875 25.319799 23.505916 24.151838 26.189018 33.075409 12.576331 21.043394 19.201522 35.092834 19.641510 29.728583 15.559037 21.595163 4.781384 28.063211 21.425371 12.318266 35.870652 10.390521 25.606012 24.173151 30.217161 32.374144 15.081951 28.131575 8.006862 17.408792 24.204926 9.455598 7.304726 7.116936 14.837421 31.173247 19.044684 4.643756 8.301049 11.624452 20.596122 13.069980 10.239574 20.671573 29.352254 6.381762 24.815228 19.312832 18.022370 28.165305 6.688757 11.742402 12.675399 19.873063 26.616245 27.738427 20.230448 15.894669
43.476055 8.796261 28.485097 11.042550 45.073227 16.344701 43.197691 17.931595 -1.000000 3.985249 9.039714 12.504305 45.446924 33.324094 15.085553 28.278816 17.566617 22.919235 18.776508 30.230172 35.538072 28.744866 17.833842 7.447069 16.200457 23.005658 6.313927 18.270184 36.231268 35.868035 33.294088 14.915475 44.306208 10.822028 15.193756 12.889069 12.054572 11.755383 5.869059 13.024749 26.260779 43.660217 26.305234 1.332762 5.931813 34.811873 26.740647 20.044926 8.245339 17.656693 39.775563 22.376961 2.741647 3.218122 17.852309 2.676271 6.188732 12.304313 21.547309 6.146044 8.558075 1.914839 32.843387 9.800869 17.586307 33.155021 20.873293 30.846862 18.989058 14.775337 22.493419 25.433864 18.291117 20.104174 41.447978 39.870549 8.791493 35.763822 25.457841 36.196265 16.531545 31.724093 19.046329 38.677782 14.646181 15.106059 37.594595 27.171009 26.201794 5.501805 38.663488 25.015051 35.432741 30.977805 19.400418 7.879643 34.316329 15.084425 37.509076 30.607641 36.634393 8.912817 36.941741 4.303280 32.883289 14.752850 41.760530 6.683119 26.449059 7.970338 33.200076 29.251250 36.537481 31.295739 7.638350 2.112840 37.439698 28.293478 15.996199 33.246594 33.313652 5.226169 20.769082 41.170173 47.971191 5.351358 22.612562 17.747649 20.143425 14.177261 30.033909 4.563469 10.566464 27.400267 36.593509 20.060118 48.795244 23.798473 21.867132 10.245137 10.025134 37.104647 4.654282 15.538687 30.094916 32.528485 6.990556 14.948558 8.263393 15.145064 8.280668 38.936504 36.659284 34.319081 35.010676 43.950997 13.466492 4.635160 19.279788 22.966328 10.897358 24.618172 35.431934 26.093625 8.530878 27.257904 34.502139 14.572092 29.092761 10.813116 25.241331 35.298227 38.788640 14.713739 25.235620 17.362579 32.501115 29.000807 26.540524 17.862384 21.459951 25.264560 27.608984 25.290682 23.572397 35.500415 13.936377 23.777844 42.256264 37.242817 5.192931 41.792417 24.031805 7.859022 15.942403 6.424730 9.017395 27.964892 29.004621 4.259033
39.543862 8.229556 26.075773 12.077923 41.316923 19.702152 39.413242 14.826211 3.985249 -1.000000 9.686101 14.303409 41.548003 29.470617 11.137859 27.419831 16.531239 20.839453 17.915334 26.405489 31.588772 26.514781 13.848705 10.448911 16.842914 19.893292 9.903828 14.360847 32.740033 32.870970 30.570779 14.570419 40.468831 7.102347 15.170131 11.976574 8.398623 14.055296 5.287691 13.542853 22.994138 39.859851 22.878244 5.317938 7.200594 31.414709 23.130711 16.079585 11.979549 14.884837 37.180806 20.985205 6.535499 3.606834 13.873409 1.316352 8.937926 15.944742 20.035290 9.545297 9.771458 4.349538 30.477805 10.519109 16.640931 29.177370 20.232191 26.990336 15.003815 11.857885 20.090138 23.676153 15.613058 16.445922 37.539566 35.952379 6.474318 31.956225 22.907813 33.127700 14.860434 28.554964 19.416663 35.048377 17.711428 15.961324 33.617449 23.424217 26.258324 1.522595 34.968236 21.325308 31.448529 28.236171 15.894907 10.179350 30.966856 16.171651 33.791101 30.367972 33.904143 10.215415 33.887062 5.589001 28.943503 12.688242 37.775344 5.733738 23.281832 6.629855 29.806566 25.449880 32.986579 28.091118 11.585754 5.161512 33.579975 24.873849 12.053051 29.298088 30.804841 1.290020 16.824586 37.185866 44.147705 7.059514 19.388094 13.931457 16.187672 10.310097 26.114247 6.283338 10.537684 24.606531 32.938793 18.297370 44.974784 19.813418 17.885232 14.092504 7.265226 33.618769 0.770184 11.940719 26.375257 28.720691 8.734839 13.372279 11.687034 18.530372 4.314251 35.614177 33.094956 31.511765 31.128556 39.982077 9.909574 6.770831 15.608074 20.697108 9.421573 23.092383 32.588193 23.831071 10.787374 23.738691 30.984154 17.620337 25.163889 13.306056 22.514806 31.983012 34.843371 10.735290 22.060467 15.608971 29.041269 26.323281 22.644435 15.573937 17.591140 21.353397 27.400150 23.815149 19.669379 31.579208 15.092019 20.327170 38.661833 34.062954 3.896935 37.812818 21.249058 3.906571 12.019943 9.583698 12.901530 24.847308 25.075595 5.827044
45.309032 2.854028 35.593244 20.078445 48.301872 13.679779 46.283308 23.942272 9.039714 9.686101 -1.000000 21.341498 47.616271 31.894662 18.086836 36.926390 26.065653 16.085118 10.350745 33.335151 37.313736 21.888012 19.512257 15.661035 25.239817 28.879599 8.061855 21.336498 32.621159 30.553688 39.846387 23.745171 47.015731 15.672862 6.234180 5.251245 12.006788 20.324347 14.372401 22.050301 31.688796 46.637004 31.267037 9.221998 3.148638 30.869515 31.041847 20.790207 9.709333 24.296829 33.340627 30.636934 8.268919 6.381343 19.988745 9.180733 14.779714 11.862984 13.817501 7.240962 1.368903 10.947608 39.997613 0.833078 26.141437 33.390636 29.612492 29.555257 20.585352 11.267359 16.380019 33.361794 25.073459 18.384551 43.591378 41.940854 16.159899 33.882637 19.464631 41.992160 24.537006 27.098139 28.073782 42.643540 10.994684 6.286843 37.664138 25.306280 35.197588 10.471207 42.318837 29.029978 35.914719 37.512834 24.332645 4.122625 39.372187 24.096635 41.068340 39.537192 30.592133 1.618281 42.764275 4.742967 32.377113 9.005425 42.309227 15.039722 22.114246 16.137933 38.134883 27.619915 33.181258 36.804764 11.129088 11.059403 40.104161 33.234048 16.917892 32.855040 40.241182 9.839034 23.274041 41.869152 50.729379 14.382230 28.228671 21.498421 20.709959 17.951575 32.357905 4.551905 2.079620 33.869488 40.479179 27.983250 51.564275 25.087640 23.533062 11.807192 8.067762 33.441232 9.567998 20.373075 33.809384 30.779560 2.913168 8.093305 8.118549 12.785991 11.488338 44.017828 40.931209 28.541510 37.546478 45.170068 12.550110 4.770380 23.620893 16.517372 5.285649 32.767562 29.711871 33.422966 4.139607 24.209636 31.073883 10.866582 31.348568 6.030434 31.855791 40.444277 40.541485 17.249002 30.917806 25.292871 37.228461 23.114973 25.852415 25.202053 24.627977 27.873114 36.541953 33.485190 26.343189 37.639771 5.443047 28.731231 46.323999 42.746771 5.970888 42.742896 30.558833 12.200612 16.636292 14.575621 11.301157 23.369768 28.536472 13.294457
47.282548 21.295975 24.599688 3.158992 46.836155 23.339080 45.288759 18.884995 12.504305 14.303409 21.341498 -1.000000 48.688733 41.454439 21.530051 19.475887 11.414859 35.073511 31.280590 33.454879 39.990606 40.798916 24.938780 6.128490 5.520726 22.852508 15.292057 23.702983 46.078001 46.944737 30.128737 7.817982 46.867494 16.833176 27.570354 25.384002 22.100570 1.987774 9.573486 4.486079 26.332642 45.879576 27.206541 12.121797 18.194677 44.969969 28.667753 27.615194 15.669242 17.369294 51.457608 16.005667 13.211484 15.665375 24.470042 13.708384 6.598143 18.809276 33.967518 15.801370 20.607783 10.742894 28.323911 22.034781 11.143290 39.619249 12.549300 39.028848 25.918783 26.117895 34.390528 19.691200 17.454458 29.721065 44.972431 43.601775 12.001722 44.161425 37.206725 34.307917 12.841633 42.483182 8.383225 39.766231 22.994577 27.010833 43.907882 36.153863 15.408929 15.083147 40.234689 27.677769 41.441303 28.113122 21.854222 19.038572 33.988450 3.565568 39.322656 20.147070 48.140492 20.873778 34.934000 16.716955 40.147334 26.880048 47.265378 9.701313 37.260416 9.977149 33.204959 37.863731 46.169405 30.482049 13.571225 10.394974 40.553462 28.916925 24.262095 40.365514 29.292643 15.346204 26.302656 46.533139 50.254090 7.347248 23.046987 22.439032 27.865987 20.022856 34.336686 16.792639 23.019767 25.177379 37.987089 15.463559 51.019544 30.179796 28.155410 16.005855 21.568085 46.958686 15.013123 19.400678 32.449947 41.005479 18.847702 27.313684 17.017610 22.237197 17.484179 38.138413 37.432563 45.718214 38.513233 48.515914 23.694280 16.611068 22.700548 34.980608 23.253380 18.255001 46.771688 21.997766 19.626379 37.154537 44.280585 22.985377 33.596669 21.159546 23.059508 34.710190 43.012277 21.789303 25.008776 13.610810 32.942603 40.593421 34.554874 15.749990 26.012775 29.850886 17.276389 18.660108 28.233737 39.487526 25.652647 25.159495 42.912653 35.817587 17.403116 46.815599 22.282134 16.275426 24.418542 7.107250 14.973478 38.861612 36.564375 8.591810
2.761355 44.774876 28.982282 45.602528 5.723661 60.675348 5.156189 29.816394 45.446924 41.548003 47.616271 48.688733 -1.000000 20.910914 30.435885 40.801767 38.828950 41.596095 46.984873 15.414661 10.328833 41.803204 28.225959 49.402704 45.786962 26.166838 51.380487 27.187231 28.418727 35.754473 25.172090 41.651206 2.990372 34.688602 48.800391 44.892069 35.625399 50.023088 41.917760 44.464927 22.934961 4.489749 21.695145 46.750891 47.074699 29.929111 20.026819 26.845809 53.501376 31.347076 41.983158 36.743403 48.082292 44.469093 27.920561 42.853335 47.916812 57.368921 44.652437 50.923007 48.611017 45.029155 28.891303 48.201474 39.222610 15.817660 40.814146 21.839408 27.105458 37.403290 39.421802 34.273941 31.356350 30.448035 4.033751 5.675989 38.235075 21.544604 38.607472 20.565822 36.338742 32.968988 45.467008 10.920429 58.272535 51.805236 13.270609 25.723303 46.228789 40.035577 9.676690 21.104868 13.357464 25.438609 27.039882 50.434199 17.424882 47.191231 10.050535 45.989588 39.225675 49.039658 20.628661 46.104942 18.164728 41.001506 9.205739 41.207336 33.127228 40.170414 17.421772 23.800922 27.326228 20.569962 53.082492 45.880254 8.165583 20.277412 30.718711 17.571143 27.427978 40.444439 24.772710 8.820932 4.304712 45.364957 25.774753 27.749480 26.955520 31.270345 15.452739 46.894589 46.681499 26.113545 11.720827 35.024587 4.951333 22.531790 24.126422 55.640332 39.549289 28.577800 41.005446 30.314758 16.240126 22.387364 48.645656 42.941618 53.006406 59.584428 37.529569 16.293596 13.129758 37.674863 10.454568 5.259657 35.117652 47.569213 26.579718 40.364638 42.871047 35.848817 37.536788 30.620293 50.873263 28.971642 27.916053 58.157152 16.427807 53.327937 27.519303 17.471753 7.194549 30.974435 24.287446 35.758369 17.027000 37.956937 23.301897 33.273901 23.994857 20.195994 45.043305 36.174589 21.879058 10.019427 52.006023 23.545257 10.406238 18.823573 43.042581 7.430587 27.685236 37.644197 30.984355 49.085876 54.445058 33.534330 20.861158 44.790530
18.149609 29.149357 32.744376 38.387118 24.682165 45.573623 22.722496 25.301230 33.324094 29.470617 31.894662 41.454439 20.910914 -1.000000 19.927986 42.736025 35.564993 21.702993 28.160839 16.243059 12.813696 21.033845 16.515693 39.557854 40.927308 25.300653 37.940826 18.167875 8.612940 15.304750 32.404246 36.797050 22.053628 24.648766 31.081514 27.795327 21.355275 42.048419 32.337853 38.354477 24.284903 22.622919 22.476629 34.623053 32.514996 9.532020 20.085732 13.851605 40.091145 27.322434 21.829640 36.272503 35.416144 31.135106 17.020919 30.705511 37.972025 43.322780 25.088381 37.269750 33.153820 33.758278 35.364720 32.241053 35.945235 6.117097 39.063982 2.480767 15.554413 20.633833 19.659049 35.759473 27.897864 13.606285 17.792277 16.433201 29.453406 2.814345 18.233428 30.294129 32.478991 12.074164 42.004013 23.416195 42.863241 34.423662 7.716994 6.602747 45.936080 28.061910 22.083219 18.939448 7.855469 31.079547 22.064247 35.578674 25.811401 41.512642 21.007664 47.802578 18.715883 33.496056 30.867514 32.169108 3.350572 23.531284 12.488328 31.965604 12.729975 31.494636 24.729580 4.275240 7.788699 26.410669 40.438560 34.603177 17.295662 22.884782 17.533435 3.814326 34.392412 28.181870 15.866419 12.480848 25.118812 35.597138 24.286502 19.685325 13.623543 21.458625 13.336441 32.880240 30.375680 29.126642 21.884101 33.294059 25.834051 11.853235 13.700687 42.386613 24.447839 9.138645 28.733377 22.667734 18.538580 1.503419 33.820218 25.235750 39.043201 44.669897 25.205570 28.556999 23.580966 16.923986 15.562664 16.418721 20.122682 33.596064 20.519914 20.470798 26.627002 36.710188 16.928825 32.754152 35.828877 8.775777 7.507009 42.732745 13.036666 37.924875 28.965971 26.733260 14.522491 19.694400 25.038169 32.380768 23.514137 17.131823 6.923935 29.944211 17.032963 14.524354 45.698791 37.367019 15.384153 14.216524 35.045969 22.069670 26.171449 29.510092 29.174729 13.793589 28.181690 26.022087 17.499739 38.844540 41.418030 12.840635 5.077922 34.585496
28.406995 15.429115 20.203788 18.459702 30.470583 30.400996 28.509473 8.417345 15.085553 11.137859 18.086836 21.530051 30.435885 19.927986 -1.000000 26.294952 16.902823 20.421416 21.560618 15.469216 20.453523 24.738072 3.423498 20.122191 21.275992 12.160726 20.945326 3.313381 25.186323 27.572554 23.237486 17.333134 29.452950 4.819467 21.200276 17.062073 6.802258 22.186543 12.634784 18.521136 14.239448 28.919872 13.484474 16.407987 16.933583 24.400041 12.992357 6.128848 23.066204 9.968708 33.209650 19.233558 17.670466 14.070815 2.984285 12.451047 18.540395 26.945162 21.535679 20.499028 18.840490 14.902333 24.356035 18.803657 17.230813 18.491470 20.804692 17.514536 4.395902 11.222301 18.685577 20.305053 10.810578 9.747310 26.419012 24.823604 9.534714 22.651122 20.447521 24.495207 13.920918 22.823641 22.728214 24.576718 28.136179 23.438394 22.904711 14.967780 27.797837 9.617962 24.312010 10.950780 20.600508 21.003215 7.038345 20.288132 21.467216 21.684480 23.082732 30.691451 29.615192 19.296485 25.271426 15.792758 18.709069 14.620771 26.824178 12.163509 18.131234 11.590988 20.195557 16.459832 25.115296 19.219282 22.717011 15.771632 22.535437 15.382621 3.890237 18.970703 24.181227 10.010082 5.686741 26.196951 33.151808 16.042179 11.247218 3.511521 6.416661 1.592111 14.988235 16.582369 17.720665 17.517017 22.418122 15.980748 33.983286 8.953815 6.938681 25.217641 10.513622 26.050683 10.573376 4.112531 15.751162 19.526441 18.550618 16.408221 22.598007 29.276277 7.121126 26.074877 22.844744 27.087796 20.048879 28.876890 7.423168 17.231948 5.842602 19.654820 14.378925 20.550533 27.939397 18.746263 20.788585 16.690723 23.383079 28.028904 14.030500 23.318640 15.935212 22.565801 23.706400 1.079478 13.771361 14.135738 19.227404 22.904713 13.047208 12.290793 6.628187 10.244868 28.101573 21.317178 8.582313 20.449303 23.174114 11.052420 28.251963 25.027819 12.816683 26.760218 14.643432 7.232793 4.291852 19.556781 24.037040 19.728568 15.047544 15.177027
40.463005 35.640962 11.822463 18.472893 36.964972 42.441970 36.126805 18.235110 28.278816 27.419831 36.926390 19.475887 40.801767 42.736025 26.294952 -1.000000 10.888620 46.030756 44.977725 28.574698 35.430820 50.851648 28.964859 24.895603 13.955335 17.481372 33.311622 25.981820 49.981332 53.552965 16.281649 13.431205 38.187894 24.104719 42.587804 39.198352 31.300453 21.452404 22.574845 16.082333 19.283693 36.823991 21.045515 28.668953 34.032335 49.657263 23.461368 31.296424 34.281265 16.406946 59.426916 7.071248 30.257770 30.546327 28.019778 27.753951 24.556176 37.870934 46.311627 33.578198 36.714344 26.425405 12.902514 37.746398 10.789360 38.390216 7.441231 40.821996 29.296048 36.288507 44.562727 7.066120 15.617296 35.982041 38.055873 37.231964 21.188147 45.507842 46.618210 21.292671 13.003815 48.787421 11.223364 30.035926 41.688923 43.192556 41.664069 39.898894 6.448636 27.081112 31.144413 24.027194 39.115372 15.449727 21.059121 36.103141 23.430881 15.954321 30.784338 5.281672 55.813179 37.105919 21.598639 32.315956 40.156209 38.752133 43.172246 21.886921 44.356508 20.815804 23.383908 40.627710 49.621173 20.248293 32.381325 26.654676 33.774117 21.565732 30.182676 40.088468 14.358967 27.668894 27.514441 42.312664 40.723693 23.472326 18.465117 24.384666 31.689323 24.909585 30.884470 32.755574 37.952552 14.968320 29.090605 10.320015 41.314525 31.207443 29.739950 35.078035 33.193632 50.776865 27.741090 22.221331 26.526822 42.979469 35.252378 40.003315 35.278151 41.285721 27.706363 25.918124 27.712249 53.291261 32.767434 42.726474 32.621298 32.907928 22.738236 45.453898 36.447850 6.039118 54.088619 10.528191 36.751687 42.401693 48.260440 41.655988 30.668404 38.843168 14.221391 23.563949 37.520656 27.228409 18.188736 12.492407 23.879958 49.196693 36.979494 14.005405 25.930713 28.258284 4.569351 5.369130 27.365230 34.294245 42.140012 20.780209 31.986388 23.149604 31.316415 42.000960 14.722216 26.416900 30.572572 25.576632 33.923507 45.927793 37.784591 24.220733
37.770368 24.753148 13.185026 9.160551 36.335878 32.569170 34.962555 10.363822 17.566617 16.531239 26.065653 11.414859 38.828950 35.564993 16.902823 10.888620 -1.000000 35.628900 34.160327 24.253543 31.175640 40.713019 20.035810 15.407405 7.094692 12.684852 22.984640 17.560294 41.840139 44.464404 18.716833 3.629439 36.717037 13.787952 31.699423 28.340969 20.937283 13.278614 11.765377 6.998575 15.922867 35.596036 17.152797 18.081903 23.215965 41.199971 19.068016 22.639890 24.205963 8.365505 49.970699 4.992314 19.727285 19.692235 19.215686 16.885898 14.682477 28.038679 35.666989 23.157039 25.898165 15.769355 16.992294 26.889145 0.403374 32.334028 3.999739 33.360617 20.646012 25.872994 34.307633 8.514088 7.972276 26.596392 35.374976 34.171945 10.355950 38.378094 36.578818 22.985234 3.089624 39.722352 6.775327 29.164772 31.509842 32.342556 36.249787 31.571608 10.913873 16.217764 29.819670 18.653420 33.674470 16.731125 13.683275 25.440399 23.041757 8.811043 29.045749 14.255233 46.406428 26.299751 23.588710 21.497201 33.522021 28.090029 38.844783 11.041456 34.938177 9.935044 22.396685 32.731919 41.657898 19.488601 22.492179 16.096888 30.891895 18.584066 20.650793 33.595174 17.904703 16.797789 19.702884 38.040700 39.903368 13.120999 13.203388 15.971253 22.997063 15.360226 25.786178 21.969908 27.064995 13.964314 27.567879 4.123802 40.629371 23.712784 21.899438 25.322154 22.473325 42.685463 16.857465 13.189188 22.795029 35.498675 24.488753 29.250412 24.998850 31.377783 17.030254 26.975451 26.775284 43.881345 29.172022 39.419714 22.365391 22.164451 15.098045 35.145684 25.613259 7.321081 44.772183 10.583013 26.091557 33.568895 40.053638 31.463184 25.250484 28.288843 11.949162 23.665988 33.905403 17.673012 14.565309 3.274016 22.312767 39.415755 29.106664 5.861756 18.645304 21.948177 11.441028 7.903117 20.601088 30.396068 31.324307 15.615023 32.080948 24.555227 20.427796 38.077652 11.381467 15.704987 20.986238 15.849535 24.091059 36.552458 30.487072 13.687275
