n_nodos R alpha CityArea
100 250 0.15 2323
ID_Nodo Costo_C Demanda_D Potencia_f Rango_s Es_Remoto_T
0 282714 62 788 25 1
1 1640279 4247 3053 60 0
2 761563 3094 2660 72 0
3 116438 4997 3020 59 0
4 2976328 3638 3263 68 0
5 1152562 507 1286 68 1
6 3179936 1101 1326 72 0
7 2364088 4984 3783 39 0
8 2929278 3650 2753 74 0
9 3430147 2945 2213 44 0
10 3086225 3137 3052 61 0
11 342997 925 981 58 0
12 2377343 1081 1665 23 0
13 2016032 4686 3129 60 0
14 329769 625 1066 42 1
15 2156327 2833 2089 56 0
16 1898448 3540 3150 25 0
17 856630 1139 1131 60 0
18 1788545 693 1373 53 1
19 2988695 752 1445 45 1
20 1620820 3796 2856 64 0
21 3171029 4167 3068 27 0
22 712310 2548 1958 39 0
23 2324903 4643 3090 56 0
24 1606703 4849 3350 20 0
25 1071624 4114 3267 59 0
26 3305012 3100 2992 51 0
27 1306815 221 1240 60 1
28 943252 1101 1906 43 0
29 2849187 1046 1133 21 0
30 455204 1935 2395 58 0
31 2062652 3003 2911 56 0
32 1930582 2273 2028 69 0
33 1123261 1662 2050 36 0
34 671600 4832 3888 71 0
35 3061071 1733 2102 32 0
36 485189 381 1181 36 1
37 3420453 849 1876 60 0
38 2637446 3423 2432 75 0
39 2974617 243 692 25 1
40 2214441 4462 3577 28 0
41 902829 4910 3661 62 0
42 2591656 3867 2790 22 0
43 3298999 807 1118 41 0
44 1189201 3092 2199 26 0
45 573992 4764 3571 20 0
46 154188 1174 1905 72 0
47 1933274 1714 2150 50 0
48 272511 2776 2394 59 0
49 2935353 2660 2816 26 0
50 655912 4713 3020 33 0
51 881767 101 1154 29 1
52 472111 1219 1480 22 0
53 155370 1450 1668 37 0
54 256509 4463 3326 54 0
55 1032968 2729 2520 55 0
56 1978065 3916 2473 31 0
57 2796996 2495 1922 32 0
58 2126197 3580 2617 70 0
59 443543 2677 2176 57 0
60 1247256 986 1319 69 0
61 308725 870 1007 46 0
62 1179130 401 954 35 1
63 1456397 3838 3310 68 0
64 1965703 3052 2255 29 0
65 3380060 1082 1203 25 0
66 2367386 2270 2517 74 0
67 3120564 4542 3102 32 0
68 1142237 904 1655 24 0
69 3119490 2377 2468 65 0
70 1825882 1212 1823 39 0
71 2382151 202 1092 20 1
72 3106200 4929 3068 62 0
73 2031223 3887 2562 45 0
74 2216234 3940 2850 52 0
75 1301561 4069 3252 73 0
76 382039 2756 2838 26 0
77 2883606 2043 2462 30 0
78 523480 1362 1756 35 0
79 1048274 1254 1776 63 0
80 3486930 31 691 66 1
81 552580 4860 3918 63 0
82 600551 4024 2546 31 0
83 3249276 2326 1678 75 0
84 387459 2303 2589 53 0
85 188739 4898 3776 46 0
86 280548 3626 2380 36 0
87 1205022 2317 1853 68 0
88 2459642 4928 3388 20 0
89 2236121 1873 2166 43 0
90 1278773 3158 2802 74 0
91 1638067 2028 2291 39 0
92 1981869 4579 3323 39 0
93 122715 4832 3681 28 0
94 1860296 663 1309 77 1
95 775620 3671 3111 59 0
96 2251378 585 1298 40 1
97 2857688 382 1556 79 1
98 1018236 2323 2053 24 0
99 3094761 2977 2518 48 0
Matriz_Distancias
-1.000000 54.060236 42.675861 48.598453 30.395335 36.087042 45.507359 27.335169 5.216839 35.484997 32.911319 49.782391 25.139438 50.050394 34.842572 37.190826 11.120168 56.116186 28.917583 26.685849 12.882408 17.468703 53.349808 46.855395 50.179408 20.304332 29.029253 32.719445 34.219948 27.924085 30.604255 44.830253 47.693870 32.544155 3.660319 37.820194 39.863366 38.609518 60.431556 42.174309 19.248925 56.682659 39.969282 42.395659 27.953837 52.512756 25.674511 50.715459 48.100124 40.390529 8.089154 55.198855 16.356126 48.137540 42.845166 38.394763 43.671059 57.871627 46.036860 45.915923 12.902066 18.111007 40.540684 22.066380 11.579886 37.948144 14.864558 31.702449 10.608725 16.154977 40.171584 47.392854 27.876528 30.385546 38.660170 47.610434 50.832778 33.631489 28.121008 34.546391 16.085472 43.880599 27.511648 29.093053 24.052894 35.188052 27.324115 43.670362 28.227751 44.624626 2.354027 37.917927 31.910923 27.972131 40.941436 46.193057 26.151796 12.610128 62.651485 49.758265
54.060236 -1.000000 16.897225 15.206557 42.423119 24.783897 16.083310 34.293396 50.539614 23.139871 35.245851 22.417556 31.316643 21.392826 20.084314 16.894588 42.940137 3.283911 32.183110 31.836748 43.752743 37.253015 21.890793 41.034189 5.087769 44.974768 26.395886 23.500074 33.140864 34.383135 24.075851 31.572231 8.753277 32.898040 50.444636 40.388301 16.090695 15.820026 9.443071 19.251263 44.421308 9.318401 22.432715 29.673135 27.155913 6.007743 29.069720 17.521650 34.082954 34.096860 47.207747 2.497132 37.917022 6.274621 11.215132 46.291843 28.060094 19.277275 8.225512 40.907149 43.977418 37.368969 41.579950 40.872243 44.436282 21.063798 41.306026 42.316793 43.464336 38.802746 45.181351 38.517028 35.650533 32.407457 21.403624 33.921538 10.388299 28.621859 28.124103 23.210109 40.162042 33.512575 35.646982 32.792409 38.940619 20.667418 31.744064 21.016003 44.540878 10.225664 51.781051 38.697258 23.211448 26.912315 26.901895 17.205584 45.255443 48.991128 13.117399 28.620784
42.675861 16.897225 -1.000000 24.940670 41.318563 8.285467 23.517911 31.451458 40.356381 23.284524 35.394842 31.897267 17.671657 31.163968 9.218601 11.007758 32.071816 20.121289 29.886048 16.992474 35.271250 28.458318 33.182303 46.423538 16.702682 39.885908 13.754318 10.004426 16.300798 18.452884 18.604039 15.922089 8.144825 32.780801 39.348835 42.386946 17.584913 14.136257 26.237795 2.502597 38.891430 24.928433 5.537758 34.636449 14.908520 19.989973 17.273102 28.249827 41.044999 37.759543 34.916599 19.214169 26.528010 14.660742 11.084501 47.809409 33.788963 33.077659 10.477912 45.965296 35.580120 29.380932 44.504126 36.252136 31.652036 4.994012 28.276899 41.734371 32.711380 26.526613 47.491514 44.509319 33.303117 31.038392 23.854109 40.707101 22.298401 28.695532 23.533146 8.216826 32.199054 38.774836 19.641207 16.810225 35.041834 7.927907 28.263162 27.134074 42.487670 8.101273 40.322057 40.896870 19.015187 20.842429 10.314853 4.083075 42.386159 41.240886 29.808886 37.133790
48.598453 15.206557 24.940670 -1.000000 29.706738 30.121972 3.092969 23.709922 44.136087 13.211071 22.435556 7.449243 31.371597 6.521814 21.750306 17.023784 38.014878 14.203422 21.569084 33.246678 36.441644 31.163605 8.248160 25.890018 10.694232 34.726372 26.730152 25.697827 38.456047 37.051538 18.832794 40.826731 18.969303 20.565599 44.969834 26.210194 10.082021 13.308506 14.530141 27.361432 34.564193 10.120234 29.659215 14.923582 26.857035 9.372061 27.746561 3.346128 18.876422 19.574117 43.332702 13.915602 34.250760 11.452917 13.914463 32.065781 13.146481 9.833378 15.016144 25.808985 36.564320 30.523151 26.999374 30.704473 41.421798 26.711558 38.955181 29.306423 38.356810 35.944059 30.696501 23.333395 24.480944 21.045370 10.161086 18.717111 4.960246 16.944630 20.477564 26.973844 32.854815 18.513308 38.296288 35.777918 28.465920 23.507867 22.168684 6.759106 32.240433 17.053917 46.576529 24.520455 17.244590 21.004025 34.864604 27.437969 33.420088 40.504866 15.246963 13.520605
30.395335 42.423119 41.318563 29.706738 -1.000000 40.156513 27.352240 10.003707 25.212959 19.524607 7.295658 26.560958 32.234849 27.328010 32.450721 30.589158 24.997735 42.739257 11.433113 35.338919 18.684071 19.926170 30.097017 16.686317 37.352530 10.121702 31.344905 33.929614 44.739232 39.403737 22.767333 52.918154 40.908266 9.525079 27.822122 7.663631 26.750111 28.642577 44.217002 42.594793 11.152013 39.809359 42.615265 16.592588 30.349479 37.861186 28.802069 29.965020 19.725321 12.547629 30.237308 42.142116 26.125609 36.430704 33.750437 8.676429 18.497285 35.923793 37.162389 15.741894 18.487208 18.043154 10.206233 9.128087 30.922448 39.067729 30.950421 1.307355 24.757560 28.477200 10.001355 17.701309 8.085274 10.446565 21.030930 19.296805 34.119301 13.836330 17.950160 36.571264 17.399604 15.889224 40.064218 39.265274 8.258003 34.300620 13.206772 22.967540 2.932819 37.435370 29.502873 8.262737 22.319968 20.911952 46.739533 45.339344 4.923144 18.022258 44.786939 23.539844
36.087042 24.783897 8.285467 30.121972 40.156513 -1.000000 28.056071 30.174883 34.452474 24.722148 35.294923 36.324333 11.103002 35.765003 9.076074 13.459466 26.157209 27.908017 29.073871 9.493233 30.537373 24.060474 38.252760 48.154428 23.712078 36.734995 9.083730 6.276596 8.571674 10.227816 18.016830 12.846860 16.118757 32.786227 33.001064 42.704673 21.018200 17.320338 33.903208 6.676287 35.563465 32.071621 3.904868 36.900831 10.239414 27.014634 12.378108 33.458940 43.781810 39.179619 28.086186 26.964433 20.666698 21.462681 16.599931 47.607208 36.468333 39.167778 17.414501 47.560913 30.875062 25.385045 45.152505 33.591991 24.669677 3.753552 21.293698 40.811194 26.828569 20.098963 47.692280 46.615937 32.106694 30.584282 26.281110 43.382448 28.500624 29.256054 22.366729 3.753464 27.973774 40.870537 11.385435 8.587091 32.865031 7.007249 27.007391 30.661018 40.772278 14.999136 33.758163 41.403488 19.091612 19.316222 6.583440 10.637991 40.256538 36.595283 37.346252 40.792745
45.507359 16.083310 23.517911 3.092969 27.352240 28.056071 -1.000000 20.854054 41.057197 10.156171 20.056585 8.395449 28.603040 7.736112 19.407029 14.711032 34.925428 15.680051 18.696812 30.594905 33.379423 28.070693 10.273797 25.134219 11.151903 31.895858 24.065504 23.290884 36.235546 34.496640 15.814924 39.251100 18.361302 18.025277 41.877775 24.450269 7.392485 10.880384 16.952069 25.856682 31.684130 12.579357 27.921181 13.595022 24.120993 10.730866 24.896992 5.828858 18.547046 18.033003 40.256442 15.223971 31.200693 11.278287 12.447685 30.351082 12.036223 12.792782 14.224106 24.943496 33.506357 27.437054 25.518066 27.842716 38.376536 24.793877 35.948321 27.043313 35.265395 32.923372 29.147821 22.730455 21.725284 18.289948 7.174939 18.312523 6.767107 14.195455 17.386993 24.752306 29.784888 17.499532 35.725243 33.277314 25.631439 21.265864 19.183039 4.933140 29.783992 15.971260 43.483675 22.753584 14.206955 17.932894 33.138589 26.357208 30.858529 37.517579 18.035956 13.813580
27.335169 34.293396 31.451458 23.709922 10.003707 30.174883 20.854054 -1.000000 22.283460 11.261612 6.555693 23.025644 22.766753 23.470009 22.488012 20.919783 18.891886 35.128046 2.170264 25.854804 14.452785 12.312106 26.689192 21.603499 29.362663 11.046432 21.446248 23.935216 35.069406 30.051350 12.849787 42.963941 31.663603 5.317375 24.031691 13.717173 18.214148 19.433051 37.636360 32.647330 10.859451 33.343646 32.613181 15.065450 20.495305 30.483424 19.109424 24.977629 21.104340 13.602711 24.625947 34.411367 18.213940 28.078925 24.648308 17.711376 16.355987 31.838865 28.168962 20.750775 14.443232 10.641469 16.538599 6.994637 24.303048 29.071402 23.455474 10.640866 18.898502 20.594901 18.210980 21.326220 1.932796 3.075168 13.741273 20.607834 27.354244 6.885954 7.966391 26.573186 11.525217 16.913226 30.824716 29.754867 4.787701 24.311945 3.210513 17.580102 11.056912 28.138009 25.775611 12.928973 12.575790 10.908245 36.755682 35.500360 11.222679 17.176036 38.889162 22.429042
5.216839 50.539614 40.356381 44.136087 25.212959 34.452474 41.057197 22.283460 -1.000000 30.944518 27.733465 44.950656 23.349481 45.262280 31.990871 33.823865 8.322689 52.409631 23.947475 25.396946 7.885050 13.361159 48.551244 41.641583 46.424872 15.152570 26.603003 30.356761 33.838166 27.402033 26.676416 44.332713 44.691923 27.440563 3.169006 32.610532 35.781922 34.855371 56.441776 40.138929 14.061076 52.564232 38.244649 37.316651 25.450603 48.584283 23.092468 46.108931 42.927637 35.211349 8.433735 51.516582 13.876545 44.475182 39.366758 33.301773 38.638984 53.233291 42.690659 40.702541 7.855224 13.654037 35.339782 16.854908 11.464869 35.857234 14.156609 26.519259 7.664870 14.425197 35.036169 42.177936 22.741527 25.349715 34.083528 42.439270 46.636952 28.724899 23.717833 32.443395 11.318892 38.710599 27.225526 28.340025 18.863721 32.605748 22.483534 38.954556 23.105321 41.470412 4.510842 32.701136 27.853293 23.932039 39.855720 44.078600 21.055925 7.672719 58.494892 44.709870
35.484997 23.139871 23.284524 13.211071 19.524607 24.722148 10.156171 11.261612 30.944518 -1.000000 12.674910 15.039328 21.542462 15.055106 15.735508 12.301248 25.140602 23.870517 9.108905 24.136582 23.230639 18.150297 18.325729 23.488902 18.151257 22.215387 17.958640 18.739380 31.706554 28.397778 7.747296 37.306409 21.539106 10.122986 31.880239 19.195878 7.227653 9.465220 26.515681 25.059259 21.857878 22.301573 26.008721 12.251095 17.555953 19.229876 17.499917 15.241382 19.262692 14.598837 30.651631 23.163895 21.958842 17.004644 14.346373 24.808570 12.097052 22.411083 17.676715 22.939403 23.353695 17.376290 21.225252 18.103956 29.102140 22.421702 27.026055 19.593227 25.427671 23.930262 24.300161 21.893843 12.518996 9.280131 3.197665 18.834373 16.277123 5.766007 7.454759 20.988829 19.648745 16.153301 29.494446 27.514588 16.013846 17.824001 9.145376 8.539723 21.463633 18.149507 33.518791 17.657139 6.155306 8.810385 30.904658 27.056622 22.116365 27.421949 28.021817 17.371613
32.911319 35.245851 35.394842 22.435556 7.295658 35.294923 20.056585 6.555693 27.733465 12.674910 -1.000000 19.745390 28.870562 20.429097 26.945795 24.440628 25.237802 35.477218 6.534048 31.917646 20.164873 18.835426 23.370199 15.050523 30.163647 14.143548 26.987369 29.021520 40.880097 36.182960 17.329851 48.141077 34.213182 2.616593 29.811595 7.501540 19.820973 22.061187 36.932357 36.906562 14.577620 32.526636 37.322330 10.243356 26.153451 30.585601 25.040609 22.829921 15.195097 7.479210 30.919280 34.895538 24.769587 29.337783 27.020878 12.437156 11.969998 29.047396 30.334456 14.195193 20.087888 17.116835 10.190944 11.019919 30.778153 33.712536 30.007209 7.071954 25.190296 27.150018 12.399624 14.880127 5.238527 4.782670 13.845430 14.707762 26.823644 6.911390 13.055384 31.583550 17.666192 10.981562 37.022867 35.765748 8.878185 28.926909 8.923259 15.716086 9.827180 30.808361 31.558300 6.473183 16.512901 16.123176 41.810241 39.319760 11.198068 21.612107 37.567993 17.636112
49.782391 22.417556 31.897267 7.449243 26.560958 36.324333 8.395449 23.025644 44.950656 15.039328 19.745390 -1.000000 35.874865 1.065244 27.509798 22.890169 39.911758 20.991080 21.120050 38.136019 37.070950 32.843180 3.675334 19.341697 18.109430 33.453602 31.646764 31.291454 44.366693 42.200588 22.325849 47.646306 26.349697 18.617748 46.271704 21.514257 15.362482 19.023833 19.795294 34.248021 33.593348 15.674470 36.305392 10.113135 31.537250 16.440593 31.965298 4.983271 11.987405 14.744506 45.530118 20.862758 36.989256 18.889731 20.815501 27.073379 8.149109 9.365492 22.319804 19.416371 37.124526 31.813028 21.651399 29.739018 44.114449 33.137857 42.063115 25.875283 40.140248 38.968649 25.378573 16.645285 23.211168 20.001895 11.968981 11.923166 12.029799 16.265734 22.354661 32.926242 33.701487 12.670617 43.392438 41.080018 27.424561 29.443371 22.472398 6.528366 29.366641 24.228490 47.966786 19.918077 20.646391 23.818970 41.521488 34.637814 30.913056 40.193022 19.243952 6.224094
25.139438 31.316643 17.671657 31.371597 32.234849 11.103002 28.603040 22.766753 23.349481 21.542462 28.870562 35.874865 -1.000000 35.619226 11.251443 15.249047 15.059562 33.976722 22.336568 3.104223 19.822856 13.812722 38.639716 43.267796 28.582185 27.012512 4.984574 8.033649 12.623431 7.312549 13.799038 22.040167 23.682518 26.692999 21.954889 36.334602 21.289752 18.330150 39.333898 17.037297 25.728742 36.455886 14.915683 33.363972 4.544554 31.570181 4.067116 34.430006 40.431189 34.372113 17.267620 33.006035 9.607450 26.285151 20.672108 40.434970 33.526523 41.166085 23.108823 42.528349 20.170608 15.419755 39.061361 24.442891 13.980433 12.835118 10.608329 33.118270 15.732525 9.031400 40.972169 42.282051 24.628120 24.131164 24.162192 39.970514 31.509992 24.234291 16.169531 9.464969 17.680011 36.832236 8.203322 7.030545 24.246086 10.807476 19.960429 29.455344 32.248929 21.161371 22.793716 35.326091 15.432582 13.360799 16.791278 21.064557 31.344151 25.836605 42.303080 38.905856
50.050394 21.392826 31.163968 6.521814 27.328010 35.765003 7.736112 23.470009 45.262280 15.055106 20.429097 1.065244 35.619226 -1.000000 27.018240 22.364234 40.062747 19.935842 21.520645 37.820276 37.392205 33.006977 3.304364 20.401469 17.135301 34.014262 31.312554 30.839112 43.874061 41.846168 22.176470 46.957761 25.473460 19.198801 46.518269 22.435212 14.880969 18.504566 18.745136 33.534583 34.116230 14.612412 35.651200 10.981779 31.242016 15.407551 31.746004 3.925423 13.052501 15.653504 45.648049 19.815588 37.010904 17.974730 20.079838 28.033568 9.014374 8.619087 21.474747 20.469852 37.455277 32.028350 22.634205 30.249805 44.157201 32.528250 42.039833 26.672828 40.307919 38.951932 26.364651 17.708190 23.733532 20.474055 11.923534 12.986734 11.008881 16.652862 22.441291 32.410857 33.984127 13.673772 43.048880 40.696952 27.936722 28.924309 22.779926 6.518161 30.110038 23.427628 48.203546 20.824671 20.498548 23.779463 40.868999 33.835866 31.617543 40.646045 18.247986 7.275026
34.842572 20.084314 9.218601 21.750306 32.450721 9.076074 19.407029 22.488012 31.990871 15.735508 26.945795 27.509798 11.251443 27.018240 -1.000000 4.726523 23.876500 22.726567 21.070523 12.157170 26.359622 19.518185 29.678680 39.219427 17.417499 30.667361 6.311668 3.985201 16.857968 15.506364 9.703766 21.576711 12.868247 24.367104 31.347584 34.205048 12.147508 8.527875 28.154340 10.164866 29.677549 25.477345 10.403238 27.852447 7.122928 20.500163 9.223928 25.029524 34.709936 30.287600 27.512108 21.755539 18.486450 15.103060 9.525055 39.372570 27.393717 31.225593 11.865151 38.654812 26.654488 20.305475 36.529704 27.047718 24.547018 6.785567 21.326074 32.955039 24.475439 19.010194 39.264950 37.608506 24.378473 22.383859 17.205073 34.312956 20.954951 20.567464 14.522832 5.458017 23.154563 31.851962 16.780008 14.127310 25.889793 2.090725 19.279247 21.664785 33.459178 10.013668 32.504573 32.819330 10.447841 11.705405 15.174012 13.296392 33.266076 32.248139 31.224545 31.770582
37.190826 16.894588 11.007758 17.023784 30.589158 13.459466 14.711032 20.919783 33.823865 12.301248 24.440628 22.890169 15.249047 22.364234 4.726523 -1.000000 26.075107 19.171613 19.189425 16.596547 27.424730 20.709194 24.974995 35.626552 13.482692 30.296662 10.296107 8.687725 21.524934 20.151354 8.388185 25.417599 11.281473 21.824082 33.590131 31.380218 7.558757 3.866815 24.202133 12.768665 29.473554 21.207884 13.977035 23.983403 10.771497 16.355500 12.388528 20.305481 30.660077 26.849746 30.334027 18.220545 21.024942 11.248529 5.709242 36.830665 23.334874 26.527049 8.870059 35.127313 27.682107 21.091010 33.504448 26.403928 27.642740 10.516422 24.604311 30.925386 26.613093 21.982819 36.485473 33.838119 22.695083 20.200375 13.179867 30.286844 16.387260 17.695087 13.259713 10.047556 23.955682 28.074967 21.416024 18.812962 24.907761 6.560468 17.814511 17.229953 31.966234 7.821448 34.901079 29.889561 8.345341 11.077671 19.074623 14.880583 32.071651 33.018338 27.075318 27.374310
11.120168 42.940137 32.071816 38.014878 24.997735 26.157209 34.925428 18.891886 8.322689 25.140602 25.237802 39.911758 15.059562 40.062747 23.876500 26.075107 -1.000000 45.009059 19.969574 17.245816 6.899969 7.076677 43.362871 40.128510 39.084988 16.275979 18.319418 22.067555 26.075862 19.649614 19.631876 36.410301 36.680453 24.188989 7.519249 31.499568 28.940012 27.528981 49.407501 31.819108 14.888555 45.735759 29.932762 33.610727 17.182712 41.471520 14.839626 40.342299 39.963589 32.491510 5.759299 44.088510 5.557145 37.027534 31.725113 33.645012 34.608615 47.516513 34.928100 39.229724 7.214250 8.359476 34.372346 15.869651 5.965454 27.538898 7.030614 26.219001 0.677890 6.310641 34.956126 40.117926 20.001064 21.697715 28.338034 39.466802 39.956107 24.256160 17.685868 24.123967 7.702486 35.791982 19.652113 20.421642 17.113579 24.379046 17.944052 33.571507 23.703939 33.555884 8.858819 31.155547 21.019045 17.106967 31.688363 35.766544 22.034162 11.906010 51.719979 40.691337
56.116186 3.283911 20.121289 14.203422 42.739257 27.908017 15.680051 35.128046 52.409631 23.870517 35.477218 20.991080 33.976722 19.935842 22.726567 19.171613 45.009059 -1.000000 32.979323 34.663378 45.401915 39.061572 19.987293 40.048479 6.002425 45.998936 29.014698 26.295107 36.319137 37.362081 25.765574 34.850900 11.980173 33.250502 52.477270 40.125285 17.165471 17.554784 6.160711 22.498517 45.534808 6.518927 25.659046 29.060099 29.704993 4.949290 31.512152 16.010569 32.891549 33.633299 49.477228 0.972633 40.137615 7.984494 13.471881 46.022509 27.330527 16.728521 10.922692 39.994452 45.608746 39.040140 41.103421 41.881553 46.814053 24.169982 43.753336 42.532976 45.507499 41.154214 44.768909 37.447095 36.355492 33.019991 21.767185 32.773918 9.244123 29.089188 29.481035 26.173267 41.777390 32.716345 38.633278 35.788572 39.856696 23.476574 32.773449 20.545406 45.002529 13.124006 53.867361 38.428467 24.738664 28.566866 30.173682 20.488214 45.860924 50.443260 9.835123 27.210550
28.917583 32.183110 29.886048 21.569084 11.433113 29.073871 18.696812 2.170264 23.947475 9.108905 6.534048 21.120050 22.336568 21.520645 21.070523 19.189425 19.969574 32.979323 -1.000000 25.384647 16.069300 13.117263 24.767573 21.277982 27.233928 13.212508 20.565862 22.801754 34.392767 29.649012 11.368108 41.909533 29.757808 4.532418 25.528348 14.014958 16.121774 17.492631 35.466482 31.189806 12.995576 31.175930 31.328402 13.664124 19.691771 28.321467 18.516468 22.902711 20.052804 12.824229 25.728653 32.269045 18.708005 25.985244 22.689060 18.547522 14.790352 29.816626 26.188267 20.471250 16.092906 11.614228 16.724802 9.145904 25.136355 27.750057 24.013744 11.885287 20.041099 21.052429 18.790562 20.727016 3.562285 1.874219 11.573987 19.556891 25.184713 4.869421 6.707404 25.409724 12.912460 15.937088 30.492754 29.237834 6.957250 22.964823 2.417912 15.517699 12.829260 26.244937 27.261423 12.995408 10.890425 9.769289 35.633395 33.906687 13.188626 19.166808 36.732761 20.892665
26.685849 31.836748 16.992474 33.246678 35.338919 9.493233 30.594905 25.854804 25.396946 24.136582 31.917646 38.136019 3.104223 37.820276 12.157170 16.596547 17.245816 34.663378 25.384647 -1.000000 22.498479 16.742390 40.757358 46.218886 29.542239 29.987683 6.529594 8.373216 9.580116 4.324514 16.403247 19.318701 23.768641 29.707556 23.714577 39.393081 23.212616 20.002298 40.249601 15.943535 28.686475 37.634089 13.398046 36.119036 6.625671 32.653685 6.933993 36.394985 43.192369 37.290153 18.641395 33.691081 12.030449 27.221064 21.674643 43.532507 36.196454 42.959216 23.740942 45.492111 22.850053 18.404361 42.106030 27.502565 15.199683 12.003770 11.839160 36.221978 17.923646 10.978605 44.054378 45.171973 27.721947 27.165049 26.611165 42.738278 32.983773 27.124447 19.122235 8.927078 20.561539 39.669373 5.359644 3.927113 27.340311 11.187013 23.020230 31.802111 35.338597 21.611086 24.375348 38.363252 17.984517 16.237344 14.459713 19.985633 34.410959 28.448090 43.370807 41.440100
12.882408 43.752743 35.271250 36.441644 18.684071 30.537373 33.379423 14.452785 7.885050 23.230639 20.164873 37.070950 19.822856 37.392205 26.359622 27.424730 6.899969 45.401915 16.069300 22.498479 -1.000000 6.841542 40.677593 34.555835 39.399503 9.435822 21.837236 25.508566 31.838776 25.546269 19.680142 41.807308 38.601688 19.674367 9.650038 25.659057 28.476610 27.939481 49.124340 35.464486 8.067024 45.136861 34.072023 29.514167 20.630722 41.359224 18.304563 38.316759 35.310125 27.629816 11.596054 44.540440 10.582345 37.568950 32.734517 27.212020 30.794299 45.417925 36.184043 33.630471 0.353716 6.384576 28.482801 9.704204 12.784280 31.217827 13.797671 19.954826 6.467481 12.334172 28.684227 34.862150 15.045899 17.505629 26.331917 34.817653 39.157823 20.839865 16.190153 27.902523 3.645077 31.089033 25.743231 26.067526 11.418750 27.348010 14.612905 31.114189 17.097482 35.224946 11.397927 25.543322 20.668787 16.851607 36.579305 39.207438 15.309732 6.059069 51.017479 36.877920
17.468703 37.253015 28.458318 31.163605 19.926170 24.060474 28.070693 12.312106 13.361159 18.150297 18.835426 32.843180 13.812722 33.006977 19.518185 20.709194 7.076677 39.061572 13.117263 16.742390 6.841542 -1.000000 36.309199 33.877169 33.071545 13.263042 15.171207 18.778834 26.304606 20.323719 13.315440 35.814963 31.819519 17.494544 13.822033 25.612125 22.459422 21.512771 43.100306 28.721429 11.947616 39.269251 27.471254 26.667512 13.965586 35.228438 11.699931 33.385098 33.170064 25.848705 12.776506 38.174207 6.202302 31.144717 26.133139 28.554310 27.599359 40.558133 29.529157 33.008891 7.137488 1.883739 28.489902 11.200287 12.026928 24.502398 11.233818 21.021118 7.300998 8.570035 29.563213 33.634915 13.691171 14.915140 21.345918 32.674152 33.384601 17.227899 10.713825 21.237525 3.917961 29.044762 20.767300 20.549977 11.673174 20.531016 10.971308 26.527880 19.297218 28.476310 15.413241 25.050219 14.512924 10.580710 30.295870 32.417169 18.062895 12.785127 45.222647 33.666373
53.349808 21.890793 33.182303 8.248160 30.097017 38.252760 10.273797 26.689192 48.551244 18.325729 23.370199 3.675334 38.639716 3.304364 29.678680 24.974995 43.362871 19.987293 24.767573 40.757358 40.677593 36.309199 -1.000000 21.630125 18.148019 37.125561 34.232777 33.563684 46.493539 44.720067 25.329784 49.074368 26.957351 22.288007 49.820564 24.744950 17.632974 21.153562 17.781977 35.608114 37.268660 14.035327 37.895476 13.543139 34.217266 15.908017 34.814414 4.937514 14.158074 18.044296 48.941138 20.027943 40.269755 19.342223 22.162036 30.142580 11.607210 5.993289 23.135932 21.833353 40.737378 35.332508 24.638595 33.414147 47.424262 34.902104 45.272095 29.369128 43.610194 42.189242 28.332199 18.867447 26.886488 23.671612 15.172998 14.205376 11.790151 19.905541 25.730382 35.005337 37.279893 15.626439 45.938392 43.525791 31.099698 31.521512 26.067715 9.802281 32.928721 25.250901 51.506799 23.197520 23.656518 27.012003 43.104583 35.595175 34.513300 43.860497 16.664973 8.158208
46.855395 41.034189 46.423538 25.890018 16.686317 48.154428 25.134219 21.603499 41.641583 23.488902 15.050523 19.341697 43.267796 20.401469 39.219427 35.626552 40.128510 40.048479 21.277982 46.218886 34.555835 33.877169 21.630125 -1.000000 36.247548 26.745046 40.692776 42.049697 54.687257 50.537570 30.405705 60.794298 43.007966 16.753924 44.056737 9.062160 28.971817 32.288521 39.119518 48.369504 27.661295 35.012409 49.483077 11.892852 40.032780 35.261958 39.285197 24.238805 7.472059 9.008376 45.729623 39.800712 39.813448 36.367711 36.217703 11.137561 13.142316 27.394852 38.826506 0.944797 34.421237 32.135804 6.561110 24.896136 45.773155 45.905750 45.057661 15.403275 40.031280 42.190274 8.826494 2.771815 20.205552 19.406536 22.572226 7.450773 30.835839 19.167581 27.101471 44.405697 32.460702 7.751478 51.471101 49.944336 23.174804 41.305475 23.689529 20.333990 19.310244 40.095726 45.778668 9.015847 29.134318 30.004528 54.392038 49.953941 21.456644 34.664353 38.288107 13.474473
50.179408 5.087769 16.702682 10.694232 37.352530 23.712078 11.151903 29.362663 46.424872 18.151257 30.163647 18.109430 28.582185 17.135301 17.417499 13.482692 39.084988 6.002425 27.233928 29.542239 39.399503 33.071545 18.148019 36.247548 -1.000000 40.145498 23.597646 21.195970 32.274420 32.568122 19.768353 32.371245 9.211444 27.828188 46.534340 35.330546 11.245728 11.580428 10.751794 19.200422 39.643351 8.359574 22.088346 24.737342 24.192253 3.313184 25.871096 13.429637 29.457591 29.095495 43.650709 5.157140 34.295155 2.323540 7.910872 41.231689 23.183961 16.716554 6.325882 36.080111 39.606554 33.038137 36.571453 36.032231 41.068749 19.973656 38.074118 37.235238 39.573134 35.399536 40.151985 33.789391 30.670208 27.394029 16.325620 29.265536 6.365905 23.568387 23.504106 21.461025 35.775372 28.647016 33.850138 31.054229 34.051394 18.450235 26.906827 16.064779 39.497045 8.766510 47.943352 33.641830 18.737276 22.565790 27.017341 18.182587 40.249309 44.458557 13.847316 24.214399
20.304332 44.974768 39.885908 34.726372 10.121702 36.734995 31.895858 11.046432 15.152570 22.215387 14.143548 33.453602 27.012512 34.014262 30.667361 30.296662 16.275979 45.998936 13.212508 29.987683 9.435822 13.263042 37.125561 26.745046 40.145498 -1.000000 27.657619 30.951353 39.560103 33.571219 21.910259 48.894454 41.484098 14.839061 17.885761 17.683546 28.908579 29.581385 48.672269 40.605735 1.397273 44.388231 39.851023 24.367233 26.495681 41.435890 24.439821 35.844729 28.949554 21.304668 20.926224 45.249393 18.924428 38.710610 34.773575 18.185961 26.023642 42.539242 38.334323 25.800580 9.159324 11.592759 20.317967 4.117795 22.207235 36.586529 22.959856 11.427933 15.885938 21.043605 19.884132 27.549742 10.329963 13.724508 24.786495 28.483301 38.393398 17.802810 17.156722 33.560649 9.621700 24.835397 33.971280 33.811796 6.264512 32.134937 13.239232 28.449158 7.969503 37.954688 19.523754 17.992290 22.223571 19.271664 43.162772 43.961364 5.992356 7.919355 49.928030 31.779241
29.029253 26.395886 13.754318 26.730152 31.344905 9.083730 24.065504 21.446248 26.603003 17.958640 26.987369 31.646764 4.984574 31.312554 6.311668 10.296107 18.319418 29.014698 20.565862 6.529594 21.837236 15.171207 34.232777 40.692776 23.597646 27.657619 -1.000000 3.755436 14.000784 10.569912 10.365348 21.608192 18.985912 24.594610 25.640409 34.480583 16.685097 13.528380 34.349385 13.663655 26.497199 31.491474 12.309739 30.121408 1.207272 26.591396 3.557963 29.867710 37.179364 31.693298 21.458841 28.045080 12.783208 21.301383 15.687745 39.082036 30.055582 36.466098 18.175288 40.017774 22.162763 16.386218 37.069323 24.519928 18.374623 9.392940 15.096658 32.072151 18.957446 12.962696 39.347131 39.450389 23.375187 22.209953 20.257965 36.739158 26.626496 21.528415 13.932815 6.069890 19.053941 33.831330 11.747062 9.570631 23.856291 6.186854 18.356360 25.360602 31.811515 16.298015 26.676835 33.301392 11.828636 10.872381 15.587795 17.516379 31.224235 27.881217 37.325643 35.121199
32.719445 23.500074 10.004426 25.697827 33.929614 6.276596 23.290884 23.935216 30.356761 18.739380 29.021520 31.291454 8.033649 30.839112 3.985201 8.687725 22.067555 26.295107 22.801754 8.373216 25.508566 18.778834 33.563684 42.049697 21.195970 30.951353 3.755436 -1.000000 13.149332 11.531910 11.772558 19.122870 15.660545 26.519637 29.360202 36.440904 15.961113 12.420975 31.884685 9.956167 29.840770 29.352860 8.907762 30.983045 4.930985 24.341943 7.300193 28.960231 37.949188 33.053158 25.058930 25.322610 16.524155 18.872784 13.370239 41.331317 30.680485 35.206599 15.372555 41.433303 25.829242 19.892494 38.907871 27.632784 21.888602 5.725029 18.555027 34.563119 22.707941 16.599960 41.420036 40.596602 25.864980 24.307742 20.571691 37.533730 24.929393 23.050536 16.095719 2.655316 22.623894 34.878838 12.808622 10.142133 26.778933 2.834067 20.755809 25.294207 34.624192 13.281515 30.365627 35.153567 12.921822 13.052961 12.833775 13.768419 34.189245 31.536249 35.037785 35.325252
34.219948 33.140864 16.300798 38.456047 44.739232 8.571674 36.235546 35.069406 33.838166 31.706554 40.880097 44.366693 12.623431 43.874061 16.857968 21.524934 26.075862 36.319137 34.392767 9.580116 31.838776 26.304606 46.493539 54.687257 32.274420 39.560103 14.000784 13.149332 -1.000000 6.442391 24.306951 10.611505 24.401177 38.539396 31.718337 48.381634 29.005114 25.372716 42.369804 14.139106 38.252158 40.633567 10.857284 43.948813 14.740321 35.580017 15.964574 41.773360 50.967707 45.683838 26.192774 35.388963 21.262497 30.031843 25.130668 52.780492 43.744140 47.655150 25.965978 54.016801 32.192319 27.982325 51.012862 37.066087 22.727726 12.300791 19.702687 45.574184 26.741984 19.793116 53.173980 53.402935 36.971332 36.097684 33.692943 50.540881 37.034534 35.526970 27.859635 11.489633 30.091608 47.745858 6.708310 5.781502 36.837924 14.972029 32.099335 38.438291 44.849440 23.540311 32.045835 47.247268 25.680737 24.826760 8.142662 17.431612 43.967166 37.678848 45.853697 48.473334
27.924085 34.383135 18.452884 37.051538 39.403737 10.227816 34.496640 30.051350 27.402033 28.397778 36.182960 42.200588 7.312549 41.846168 15.506364 20.151354 19.649614 37.362081 29.649012 4.324514 25.546269 20.323719 44.720067 50.537570 32.568122 33.571219 10.569912 11.531910 6.442391 -1.000000 20.682558 16.965666 25.951574 33.999717 25.326172 43.644352 27.104795 23.746223 43.148936 16.885523 32.233970 40.810942 13.858102 40.424426 10.843816 35.772266 11.253230 40.257004 47.497727 41.613406 19.858299 36.396608 14.967823 30.248551 24.843061 47.685808 40.475271 46.666933 26.515765 49.807640 25.899933 22.081235 46.373814 31.331247 16.375211 13.583629 13.283457 40.322537 20.313221 13.387249 48.261897 49.496480 31.898385 31.442889 30.804650 47.045428 36.460050 31.448868 23.437738 11.189046 24.004568 43.990355 1.282668 1.643138 31.315614 14.147490 27.270977 35.930505 39.274861 24.239396 25.713323 42.638457 22.242472 20.561635 13.286207 20.766880 38.248406 31.319733 46.408938 45.657242
30.604255 24.075851 18.604039 18.832794 22.767333 18.016830 15.814924 12.849787 26.676416 7.747296 17.329851 22.325849 13.799038 22.176470 9.703766 8.388185 19.631876 25.765574 11.368108 16.403247 19.680142 13.315440 25.329784 30.405705 19.768353 21.910259 10.365348 11.772558 24.306951 20.682558 -1.000000 30.847689 19.601126 14.788872 26.944577 24.696045 9.317350 8.259340 29.831424 19.828240 21.103293 26.104766 20.014368 19.775462 9.860906 21.930580 9.768815 21.544204 26.842993 21.397389 24.671837 24.888773 15.456518 17.892170 13.170524 29.723463 19.794343 28.606779 16.695114 29.757233 19.902177 13.299305 27.137724 18.021256 22.607611 16.416428 20.133765 23.253354 20.060352 17.111784 29.707818 29.098870 14.714799 12.700908 10.433360 26.397496 20.344876 11.301414 4.950410 14.281975 16.086658 23.466584 21.762838 19.854253 16.581169 11.625590 9.659287 15.822084 23.884771 16.086246 28.432391 23.386798 1.679489 2.841842 24.494238 22.659963 23.839744 24.986139 32.088117 25.107011
44.830253 31.572231 15.922089 40.826731 52.918154 12.846860 39.251100 42.963941 44.332713 37.306409 48.141077 47.646306 22.040167 46.957761 21.576711 25.417599 36.410301 34.850900 41.909533 19.318701 41.807308 35.814963 49.074368 60.794298 32.371245 48.894454 21.608192 19.122870 10.611505 16.965666 30.847689 -1.000000 23.279536 45.627718 42.291407 55.542664 32.783630 29.116243 40.989540 13.468848 47.651638 40.346208 11.453254 49.338512 22.665807 35.584271 24.515919 44.148770 56.076217 51.862329 36.794613 34.046505 31.339609 30.461043 26.920192 60.449318 48.749499 48.938914 26.314670 60.231453 42.158014 37.341120 57.969711 46.007163 33.322403 14.931726 30.246333 53.604807 37.084110 30.099713 60.537496 59.146657 44.896736 43.430387 38.573806 55.700038 38.181075 42.041942 35.202359 16.565919 39.705700 53.382812 17.319092 16.004266 45.448288 19.494328 39.815025 42.503031 53.417668 23.994407 42.649458 54.227495 31.868600 32.144043 6.402701 14.382417 52.787852 47.766774 44.684871 52.625071
47.693870 8.753277 8.144825 18.969303 40.908266 16.118757 18.361302 31.663603 44.691923 21.539106 34.213182 26.349697 23.682518 25.473460 12.868247 11.281473 36.680453 11.980173 29.757808 23.768641 38.601688 31.819519 26.957351 43.007966 9.211444 41.484098 18.985912 15.660545 24.401177 25.951574 19.601126 23.279536 -1.000000 31.647319 44.176411 40.480995 14.532734 12.277974 18.111048 10.523958 40.702471 17.073227 13.681755 31.136060 19.925244 12.335215 22.088996 22.074087 36.818062 34.954015 40.369190 11.081295 31.341201 7.623186 7.192995 46.235235 29.913484 25.925711 4.185514 42.693549 38.869872 32.311981 42.200182 37.529407 37.353045 12.448518 34.082029 41.073035 37.264383 31.862313 45.532504 40.785539 33.318759 30.474994 20.993107 36.551068 15.381500 27.302142 24.347402 14.909670 35.183677 35.257823 27.195181 24.333256 35.911679 12.878461 28.694220 22.789783 42.576505 3.537173 45.360399 38.861989 19.299731 22.344019 18.253879 8.985800 42.886157 44.269895 21.712015 32.142042
32.544155 32.898040 32.780801 20.565599 9.525079 32.786227 18.025277 5.317375 27.440563 10.122986 2.616593 18.617748 26.692999 19.198801 24.367104 21.824082 24.188989 33.250502 4.532418 29.707556 19.674367 17.494544 22.288007 16.753924 27.828188 14.839061 24.594610 26.519637 38.539396 33.999717 14.788872 45.627718 31.647319 -1.000000 29.293797 9.923278 17.310893 19.468013 34.969594 34.303395 15.035985 30.580064 34.753958 9.893303 23.799371 28.396891 22.794476 21.258480 15.788109 8.355142 29.931384 32.638399 23.208492 26.919915 24.457948 15.040059 11.349015 27.765462 27.798752 15.956276 19.642615 15.892310 12.475984 11.238130 29.518747 31.141100 28.503375 9.488713 24.207645 25.562748 14.919611 16.211136 4.762552 2.658205 11.510725 15.291511 24.771965 4.362747 10.679832 29.063166 16.837339 11.603568 34.879072 33.519353 8.941902 26.359837 6.936915 13.960890 11.778717 28.228299 31.040435 8.708761 13.924773 13.723431 39.282304 36.703381 12.855367 21.847808 35.788812 17.330421
3.660319 50.444636 39.348835 44.969834 27.822122 33.001064 41.877775 24.031691 3.169006 31.880239 29.811595 46.271704 21.954889 46.518269 31.347584 33.590131 7.519249 52.477270 25.528348 23.714577 9.650038 13.822033 49.820564 44.056737 46.534340 17.885761 25.640409 29.360202 31.718337 25.326172 26.944577 42.291407 44.176411 29.293797 -1.000000 35.078213 36.203349 34.961088 56.772886 38.945478 16.708557 53.022560 36.855313 39.093097 24.538661 48.855924 22.229282 47.118036 44.959398 37.279312 5.694312 51.562407 12.886130 44.501372 39.230895 36.071677 40.312652 54.280379 42.446133 43.123825 9.725146 14.521715 37.854724 19.164495 9.026920 34.691904 12.061371 29.122048 6.980305 12.923670 37.734814 44.458149 24.692924 27.054866 35.061892 44.466715 47.175237 30.183448 24.495386 31.278661 12.629457 40.738458 25.036939 26.383008 21.022922 31.766969 23.849255 40.112512 25.854433 41.070424 1.748227 35.066086 28.251147 24.312578 38.105519 42.941393 23.852780 10.712918 58.991900 46.411021
37.820194 40.388301 42.386946 26.210194 7.663631 42.704673 24.450269 13.717173 32.610532 19.195878 7.501540 21.514257 36.334602 22.435212 34.205048 31.380218 31.499568 40.125285 14.014958 39.393081 25.659057 25.612125 24.744950 9.062160 35.330546 17.683546 34.480583 36.440904 48.381634 43.644352 24.696045 55.542664 40.480995 9.923278 35.078213 -1.000000 25.948555 28.646642 40.587050 44.023893 18.604790 36.216583 44.606345 11.512408 33.653777 35.176582 32.531285 25.675710 12.622489 6.788311 36.996860 39.671728 31.721445 34.867757 33.330360 5.905226 13.460841 30.730342 36.441199 8.118040 25.506235 23.793683 2.881793 15.959122 37.276338 40.989361 36.845201 6.409124 31.351855 34.111614 5.107283 10.076090 12.026642 12.284042 19.527883 12.248922 31.023209 13.704020 20.547956 38.976802 23.797366 9.338220 44.463159 43.252302 14.398509 36.221600 16.374369 19.593702 10.404985 37.206371 36.790424 1.696819 23.760348 23.610893 49.188641 46.224177 12.521211 25.602898 40.582307 17.309663
39.863366 16.090695 17.584913 10.082021 26.750111 21.018200 7.392485 18.214148 35.781922 7.227653 19.820973 15.362482 21.289752 14.880969 12.147508 7.558757 28.940012 17.165471 16.121774 23.212616 28.476610 22.459422 17.632974 28.971817 11.245728 28.908579 16.685097 15.961113 29.005114 27.104795 9.317350 32.783630 14.532734 17.310893 36.203349 25.948555 -1.000000 3.706110 20.667876 19.701631 28.397630 16.819469 21.335385 17.110853 16.779216 12.891188 17.690832 13.182614 23.467353 20.570860 33.971306 16.377773 24.702352 9.865122 7.401539 31.709430 16.204663 19.891942 10.536861 28.568026 28.660617 22.194279 27.708729 24.798716 31.803447 17.988047 29.164136 26.796909 29.357104 26.220908 31.005235 26.965275 19.625232 16.476800 6.514429 23.124734 11.028435 12.949131 12.370772 17.568967 24.832573 21.263081 28.332765 25.894099 22.850146 14.090621 15.669721 9.725213 28.674420 11.300564 37.716767 24.332975 7.953713 11.893430 26.505034 20.991299 29.262375 33.327824 22.790962 19.865995
